Using TensorFlow backend.
2017-12-30 00:08:13.984244: I tensorflow/core/common_runtime/gpu/gpu_device.cc:1030] Found device 0 with properties: 
name: TITAN Xp major: 6 minor: 1 memoryClockRate(GHz): 1.582
pciBusID: 0000:83:00.0
totalMemory: 11.90GiB freeMemory: 11.74GiB
2017-12-30 00:08:13.984328: I tensorflow/core/common_runtime/gpu/gpu_device.cc:1120] Creating TensorFlow device (/device:GPU:0) -> (device: 0, name: TITAN Xp, pci bus id: 0000:83:00.0, compute capability: 6.1)
DataSetInfo              : [keras_Hct25] : Added class "Signal"
                         : Add Tree tmva_tree of type Signal with 27809 events
                         : Add Tree tmva_tree of type Signal with 28179 events
DataSetInfo              : [keras_Hct25] : Added class "Background"
                         : Add Tree tmva_tree of type Background with 6159 events
                         : Add Tree tmva_tree of type Background with 3768 events
                         : Add Tree tmva_tree of type Background with 4878 events
                         : Add Tree tmva_tree of type Background with 4877 events
                         : Add Tree tmva_tree of type Background with 46053 events
                         : Add Tree tmva_tree of type Background with 64226 events
                         : Add Tree tmva_tree of type Background with 19461 events
                         : Add Tree tmva_tree of type Background with 197132 events
                         : Add Tree tmva_tree of type Background with 278670 events
Factory                  : Booking method: [1mBDT[0m
                         : 
DataSetFactory           : [keras_Hct25] : Number of events in input trees
                         : Dataset[keras_Hct25] :     Signal     requirement: "nevt %5 != 0 && GenMatch == 2"
                         : Dataset[keras_Hct25] :     Signal          -- number of events passed: 20075  / sum of weights: 1158.32
                         : Dataset[keras_Hct25] :     Signal          -- efficiency             : 0.354852
                         : Dataset[keras_Hct25] :     Background requirement: "nevt %5 != 0"
                         : Dataset[keras_Hct25] :     Background      -- number of events passed: 500168  / sum of weights: 44464.8
                         : Dataset[keras_Hct25] :     Background      -- efficiency             : 0.800293
                         : Dataset[keras_Hct25] :  you have opted for interpreting the requested number of training/testing events
                         :  to be the number of events AFTER your preselection cuts
                         : 
                         : Dataset[keras_Hct25] :  you have opted for interpreting the requested number of training/testing events
                         :  to be the number of events AFTER your preselection cuts
                         : 
                         : Number of training and testing events
                         : ---------------------------------------------------------------------------
                         : Signal     -- training events            : 15000
                         : Signal     -- testing events             : 5075
                         : Signal     -- training and testing events: 20075
                         : Dataset[keras_Hct25] : Signal     -- due to the preselection a scaling factor has been applied to the numbers of requested events: 0.358559
                         : Background -- training events            : 370000
                         : Background -- testing events             : 130168
                         : Background -- training and testing events: 500168
                         : Dataset[keras_Hct25] : Background -- due to the preselection a scaling factor has been applied to the numbers of requested events: 0.799982
                         : 
DataSetInfo              : Correlation matrix (Signal):
                         : ---------------------------------------------------------------------------------------------------------------------------------------------------------------------------------------------------------------------------------------------------------------------------------------------------------------------------------------------------------------------------------------------------------------------------------------------------------------------------------------------------------------------------------------------------------------------------------------------------------------------------------------
                         :                 njets nbjets_m DRlepWpt DRlepWeta DRlepWdeta DRlepWdphi DRlepWm DRjet0pt DRjet0eta DRjet0m DRjet0csv DRjet0cvsl DRjet0cvsb DRjet1pt DRjet1eta DRjet1m DRjet1csv DRjet1cvsl DRjet1cvsb DRjet2pt DRjet2eta DRjet2m DRjet2csv DRjet2cvsl DRjet2cvsb DRjet3pt DRjet3eta DRjet3m DRjet3csv DRjet3cvsl DRjet3cvsb DRjet12pt DRjet12eta DRjet12deta DRjet12dphi DRjet12m DRjet12DR DRjet23pt DRjet23eta DRjet23deta DRjet23dphi DRjet23m DRjet31pt DRjet31eta DRjet31deta DRjet31dphi DRjet31m DRlepTpt DRlepTeta DRlepTdeta DRlepTdphi DRlepTm DRhadTpt DRhadTeta DRhadTHbdeta DRhadTWbdeta DRhadTHbdphi DRhadTWbdphi DRhadTm
                         :        njets:  +1.000   +0.086   +0.120    +0.011     +0.013     +0.000  +0.035   +0.091    +0.017  +0.094    -0.006     -0.017     +0.021   +0.081    +0.006  +0.073    -0.025     -0.014     +0.030   +0.093    +0.003  +0.087    -0.042     -0.029     +0.040   +0.078    +0.008  +0.077    -0.024     -0.085     +0.075    +0.135     +0.000      +0.002      -0.009   +0.005    -0.124    +0.164     +0.005      +0.002      +0.011   -0.052    +0.160     +0.009      +0.003      +0.004   -0.060   +0.158    +0.016     +0.001     +0.007  +0.055   +0.205    +0.005       +0.002       +0.003       +0.004       +0.010  -0.057
                         :     nbjets_m:  +0.086   +1.000   +0.014    +0.005     +0.008     -0.001  +0.001   -0.013    +0.018  -0.016    -0.020     -0.011     +0.026   +0.020    +0.006  +0.008    +0.028     +0.001     -0.019   +0.026    +0.010  +0.007    +0.070     +0.010     -0.045   +0.005    +0.011  -0.013    +0.107     +0.238     -0.210    +0.040     +0.007      -0.002      +0.007   -0.019    -0.069    +0.044     +0.009      +0.006      -0.009   -0.043    +0.039     +0.008      -0.003      -0.008   -0.041   +0.014    +0.011     -0.017     -0.008  -0.016   +0.057    +0.008       +0.009       +0.007       -0.006       +0.004  -0.049
                         :     DRlepWpt:  +0.120   +0.014   +1.000    -0.004     +0.006     +0.014  +0.199   -0.055    -0.001  -0.052    -0.024     +0.005     +0.019   +0.283    -0.003  +0.234    -0.024     -0.065     +0.049   +0.330    -0.010  +0.285    -0.021     -0.078     +0.044   +0.215    +0.003  +0.182    -0.001     -0.065     +0.079    +0.456     -0.006      +0.009      +0.014   +0.166    -0.358    +0.428     -0.002      -0.013      +0.004   +0.107    +0.391     +0.002      +0.002      +0.009   +0.085   +0.763    -0.004     +0.008     -0.001  +0.235   +0.541    -0.004       -0.006       -0.003       -0.001       -0.005  +0.131
                         :    DRlepWeta:  +0.011   +0.005   -0.004    +1.000     +0.820     -0.007  +0.009   -0.004    +0.606  +0.002    -0.006     -0.014     -0.001   +0.001    +0.135  -0.006    -0.009     +0.007     -0.003   -0.007    +0.148  -0.008    -0.000     +0.005     -0.002   +0.004    +0.188  +0.004    +0.004     -0.010     -0.003    -0.001     +0.136      -0.023      -0.009   -0.003    -0.008    -0.004     +0.180      -0.018      +0.011   +0.003    +0.003     +0.173      -0.045      +0.005   -0.004   -0.009    +0.845     +0.178     -0.012  +0.007   -0.002    +0.174       +0.053       +0.116       +0.011       +0.013  +0.000
                         :   DRlepWdeta:  +0.013   +0.008   +0.006    +0.820     +1.000     -0.005  +0.009   -0.000    +0.624  +0.005    -0.018     -0.021     +0.011   +0.009    +0.143  +0.004    -0.011     -0.004     -0.001   -0.000    +0.156  -0.003    -0.002     +0.003     -0.002   +0.003    +0.194  +0.002    +0.002     -0.013     -0.001    +0.008     +0.142      -0.026      -0.014   +0.011    -0.008    -0.001     +0.179      -0.009      +0.003   +0.007    +0.008     +0.175      -0.037      +0.001   +0.001   +0.003    +0.784     +0.182     -0.007  +0.009   +0.005    +0.173       +0.069       +0.116       +0.000       +0.014  +0.008
                         :   DRlepWdphi:  +0.000   -0.001   +0.014    -0.007     -0.005     +1.000  -0.003   -0.002    -0.014  -0.007    -0.002     -0.005     +0.006   -0.001    -0.006  -0.002    -0.009     -0.000     +0.004   +0.002    -0.001  +0.000    -0.011     +0.006     +0.011   -0.008    -0.002  -0.010    -0.001     +0.000     -0.004    -0.002     -0.002      -0.006      -0.025   +0.007    +0.004    +0.004     -0.008      -0.005      +0.050   -0.014    +0.002     -0.009      -0.005      +0.014   -0.003   +0.010    -0.007     +0.020     -0.381  -0.006   +0.005    -0.005       -0.002       +0.002       +0.041       +0.006  -0.007
                         :      DRlepWm:  +0.035   +0.001   +0.199    +0.009     +0.009     -0.003  +1.000   +0.036    +0.006  +0.036    -0.018     -0.018     +0.012   +0.079    +0.003  +0.069    -0.027     -0.031     +0.046   +0.089    -0.007  +0.084    -0.021     -0.022     +0.013   +0.060    -0.004  +0.051    -0.006     -0.025     +0.041    +0.128     -0.001      +0.007      +0.016   +0.010    -0.116    +0.110     -0.008      -0.008      +0.004   +0.036    +0.101     -0.003      +0.003      +0.012   +0.039   +0.142    +0.010     +0.017     +0.007  +0.742   +0.144    -0.005       +0.001       -0.005       +0.012       -0.012  +0.039
                         :     DRjet0pt:  +0.091   -0.013   -0.055    -0.004     -0.000     -0.002  +0.036   +1.000    -0.005  +0.799    +0.021     -0.151     -0.006   +0.221    -0.007  +0.197    -0.041     -0.057     +0.058   +0.255    -0.005  +0.209    -0.063     -0.051     +0.053   +0.188    +0.001  +0.165    -0.038     -0.118     +0.116    +0.352     -0.007      -0.003      -0.006   +0.119    -0.276    +0.315     -0.000      -0.009      +0.001   +0.140    +0.281     -0.001      -0.013      -0.015   +0.133   +0.508    -0.005     +0.003     +0.002  +0.326   +0.395    -0.003       -0.010       +0.003       -0.001       +0.016  +0.164
                         :    DRjet0eta:  +0.017   +0.018   -0.001    +0.606     +0.624     -0.014  +0.006   -0.005    +1.000  +0.003    -0.002     -0.014     -0.002   +0.005    +0.231  +0.002    -0.008     +0.003     -0.001   -0.002    +0.239  -0.005    +0.001     +0.007     -0.004   -0.004    +0.276  -0.009    +0.004     -0.005     -0.006    -0.001     +0.243      -0.022      -0.009   +0.006    -0.001    -0.002     +0.270      -0.017      +0.004   -0.004    +0.001     +0.264      -0.043      -0.003   -0.003   -0.003    +0.864     -0.456     -0.003  +0.009   -0.001    +0.271       +0.127       +0.164       -0.005       +0.017  -0.001
                         :      DRjet0m:  +0.094   -0.016   -0.052    +0.002     +0.005     -0.007  +0.036   +0.799    +0.003  +1.000    -0.016     -0.196     +0.045   +0.184    -0.003  +0.187    -0.035     -0.057     +0.053   +0.193    +0.004  +0.171    -0.047     -0.052     +0.040   +0.136    +0.009  +0.141    -0.022     -0.088     +0.081    +0.277     -0.001      -0.007      -0.005   +0.115    -0.215    +0.233     +0.007      -0.006      +0.004   +0.111    +0.218     +0.003      -0.018      -0.015   +0.113   +0.379    +0.001     +0.000     +0.004  +0.328   +0.303    +0.003       -0.011       +0.009       -0.001       +0.017  +0.137
                         :    DRjet0csv:  -0.006   -0.020   -0.024    -0.006     -0.018     -0.002  -0.018   +0.021    -0.002  -0.016    +1.000     +0.275     -0.759   -0.030    -0.002  -0.031    +0.040     +0.014     -0.031   -0.022    -0.004  -0.018    +0.041     +0.024     -0.038   -0.004    +0.001  -0.002    -0.026     -0.044     +0.002    -0.040     -0.003      +0.004      +0.020   -0.023    +0.031    -0.006     +0.001      -0.009      +0.003   -0.021    -0.013     +0.003      -0.000      +0.027   -0.027   -0.012    -0.004     -0.015     -0.008  -0.013   -0.022    -0.001       -0.012       -0.002       +0.021       -0.025  -0.031
                         :   DRjet0cvsl:  -0.017   -0.011   +0.005    -0.014     -0.021     -0.005  -0.018   -0.151    -0.014  -0.196    +0.275     +1.000     -0.276   -0.048    -0.001  -0.045    +0.022     +0.058     -0.025   -0.064    -0.008  -0.057    +0.025     +0.054     -0.025   -0.016    -0.009  -0.022    -0.000     +0.040     -0.023    -0.085     -0.005      +0.011      +0.003   -0.027    +0.065    -0.058     -0.009      +0.001      -0.007   -0.030    -0.036     -0.003      +0.006      +0.006   -0.030   -0.079    -0.012     -0.006     -0.004  -0.080   -0.075    -0.007       -0.006       -0.013       -0.001       -0.006  -0.036
                         :   DRjet0cvsb:  +0.021   +0.026   +0.019    -0.001     +0.011     +0.006  +0.012   -0.006    -0.002  +0.045    -0.759     -0.276     +1.000   +0.029    -0.004  +0.028    -0.032     -0.015     +0.043   +0.027    -0.003  +0.024    -0.034     -0.015     +0.058   +0.006    -0.003  +0.007    +0.021     +0.038     +0.023    +0.043     -0.007      +0.001      -0.003   +0.021    -0.036    +0.017     -0.006      +0.003      -0.009   +0.014    +0.019     -0.007      -0.002      -0.019   +0.020   +0.016    -0.001     +0.007     +0.002  +0.011   +0.032    -0.008       +0.003       +0.000       -0.013       +0.014  +0.022
                         :     DRjet1pt:  +0.081   +0.020   +0.283    +0.001     +0.009     -0.001  +0.079   +0.221    +0.005  +0.184    -0.030     -0.048     +0.029   +1.000    -0.008  +0.862    -0.055     -0.174     +0.133   -0.016    -0.003  -0.012    -0.049     -0.027     +0.039   +0.038    +0.001  +0.023    -0.008     -0.059     +0.031    +0.633     -0.004      +0.002      -0.003   +0.330    -0.427    -0.014     -0.005      -0.001      +0.000   +0.039    +0.722     -0.001      -0.007      -0.017   +0.382   +0.362    +0.003     +0.007     +0.008  +0.139   +0.542    -0.003       -0.002       -0.002       -0.015       +0.011  +0.272
                         :    DRjet1eta:  +0.006   +0.006   -0.003    +0.135     +0.143     -0.006  +0.003   -0.007    +0.231  -0.003    -0.002     -0.001     -0.004   -0.008    +1.000  -0.002    +0.011     +0.003     -0.012   +0.007    +0.620  +0.001    +0.013     +0.017     -0.009   +0.006    +0.614  +0.001    +0.010     +0.005     -0.002    -0.000     +0.854      +0.313      -0.003   +0.001    +0.002    +0.002     +0.668      +0.020      +0.000   +0.010    -0.005     +0.853      +0.366      +0.001   +0.010   -0.007    +0.192     -0.091     -0.001  +0.003   -0.004    +0.831       +0.638       +0.085       +0.000       +0.003  +0.013
                         :      DRjet1m:  +0.073   +0.008   +0.234    -0.006     +0.004     -0.002  +0.069   +0.197    +0.002  +0.187    -0.031     -0.045     +0.028   +0.862    -0.002  +1.000    -0.066     -0.191     +0.159   -0.001    -0.001  -0.001    -0.051     -0.038     +0.045   +0.019    +0.004  +0.018    -0.008     -0.069     +0.022    +0.546     +0.000      +0.004      -0.008   +0.354    -0.338    -0.019     -0.001      -0.002      -0.001   +0.055    +0.600     +0.004      -0.005      -0.026   +0.368   +0.309    -0.001     +0.011     +0.014  +0.118   +0.452    +0.001       -0.001       -0.001       -0.021       +0.015  +0.280
                         :    DRjet1csv:  -0.025   +0.028   -0.024    -0.009     -0.011     -0.009  -0.027   -0.041    -0.008  -0.035    +0.040     +0.022     -0.032   -0.055    +0.011  -0.066    +1.000     +0.170     -0.705   -0.010    +0.004  -0.019    +0.499     +0.136     -0.335   -0.010    +0.005  -0.015    +0.036     +0.075     -0.100    -0.051     +0.007      +0.013      +0.012   +0.015    +0.050    -0.021     +0.009      -0.004      -0.006   +0.000    -0.048     +0.010      +0.008      +0.007   -0.019   -0.043    -0.011     -0.002     +0.003  -0.035   -0.051    +0.008       -0.004       -0.002       +0.008       +0.000  -0.007
                         :   DRjet1cvsl:  -0.014   +0.001   -0.065    +0.007     -0.004     -0.000  -0.031   -0.057    +0.003  -0.057    +0.014     +0.058     -0.015   -0.174    +0.003  -0.191    +0.170     +1.000     -0.212   -0.007    +0.008  -0.010    +0.092     +0.032     -0.067   -0.014    +0.007  -0.017    +0.009     +0.033     -0.025    -0.118     +0.004      -0.005      +0.011   -0.064    +0.083    -0.009     +0.004      +0.002      -0.018   -0.012    -0.133     +0.005      -0.002      +0.006   -0.060   -0.090    +0.012     -0.006     -0.009  -0.041   -0.107    +0.005       +0.003       +0.003       -0.001       -0.009  -0.048
                         :   DRjet1cvsb:  +0.030   -0.019   +0.049    -0.003     -0.001     +0.004  +0.046   +0.058    -0.001  +0.053    -0.031     -0.025     +0.043   +0.133    -0.012  +0.159    -0.705     -0.212     +1.000   +0.015    -0.012  +0.025    -0.375     -0.109     +0.258   +0.009    -0.009  +0.019    -0.027     -0.067     +0.087    +0.102     -0.011      -0.003      -0.017   +0.024    -0.079    +0.021     -0.011      -0.002      +0.005   +0.002    +0.100     -0.013      -0.004      -0.005   +0.046   +0.074    +0.001     -0.002     -0.002  +0.055   +0.092    -0.012       -0.001       -0.004       -0.008       +0.006  +0.030
                         :     DRjet2pt:  +0.093   +0.026   +0.330    -0.007     -0.000     +0.002  +0.089   +0.255    -0.002  +0.193    -0.022     -0.064     +0.027   -0.016    +0.007  -0.001    -0.010     -0.007     +0.015   +1.000    +0.008  +0.882    -0.001     -0.147     +0.047   +0.055    +0.007  +0.032    -0.018     -0.060     +0.019    +0.723     +0.007      -0.006      +0.001   +0.408    -0.460    +0.762     +0.013      +0.003      +0.015   +0.438    -0.006     +0.006      +0.001      +0.002   +0.058   +0.417    -0.004     +0.005     -0.002  +0.163   +0.615    +0.009       +0.006       +0.009       +0.016       +0.003  +0.348
                         :    DRjet2eta:  +0.003   +0.010   -0.010    +0.148     +0.156     -0.001  -0.007   -0.005    +0.239  +0.004    -0.004     -0.008     -0.003   -0.003    +0.620  -0.001    +0.004     +0.008     -0.012   +0.008    +1.000  +0.004    +0.010     +0.017     -0.004   +0.001    +0.630  -0.001    +0.001     +0.004     -0.006    +0.003     +0.866      -0.410      -0.006   -0.006    -0.004    +0.004     +0.865      +0.401      +0.002   -0.004    -0.003     +0.679      -0.041      -0.000   -0.003   -0.012    +0.205     -0.083     +0.004  +0.003   -0.002    +0.844       +0.635       +0.620       -0.004       +0.004  -0.003
                         :      DRjet2m:  +0.087   +0.007   +0.285    -0.008     -0.003     +0.000  +0.084   +0.209    -0.005  +0.171    -0.018     -0.057     +0.024   -0.012    +0.001  -0.001    -0.019     -0.010     +0.025   +0.882    +0.004  +1.000    -0.022     -0.163     +0.069   +0.031    -0.001  +0.028    -0.023     -0.079     +0.018    +0.629     +0.003      -0.002      +0.000   +0.436    -0.365    +0.653     +0.006      +0.007      +0.020   +0.422    -0.019     -0.001      +0.005      +0.007   +0.067   +0.357    -0.007     -0.001     -0.006  +0.136   +0.522    +0.003       +0.008       +0.001       +0.024       -0.000  +0.350
                         :    DRjet2csv:  -0.042   +0.070   -0.021    -0.000     -0.002     -0.011  -0.021   -0.063    +0.001  -0.047    +0.041     +0.025     -0.034   -0.049    +0.013  -0.051    +0.499     +0.092     -0.375   -0.001    +0.010  -0.022    +1.000     +0.264     -0.678   +0.005    +0.015  -0.009    +0.072     +0.168     -0.214    -0.045     +0.011      -0.003      -0.001   +0.023    +0.059    -0.021     +0.010      -0.003      +0.001   +0.035    -0.054     +0.013      -0.002      +0.008   +0.021   -0.062    -0.001     +0.002     +0.003  -0.025   -0.057    +0.010       +0.003       +0.010       +0.010       +0.002  +0.032
                         :   DRjet2cvsl:  -0.029   +0.010   -0.078    +0.005     +0.003     +0.006  -0.022   -0.051    +0.007  -0.052    +0.024     +0.054     -0.015   -0.027    +0.017  -0.038    +0.136     +0.032     -0.109   -0.147    +0.017  -0.163    +0.264     +1.000     -0.278   +0.002    +0.020  -0.003    +0.020     +0.056     -0.055    -0.130     +0.018      -0.007      -0.001   -0.081    +0.083    -0.111     +0.017      -0.005      +0.004   -0.057    -0.023     +0.018      -0.007      -0.010   +0.001   -0.094    +0.009     +0.006     -0.006  -0.037   -0.113    +0.019       +0.006       +0.018       +0.001       +0.005  -0.046
                         :   DRjet2cvsb:  +0.040   -0.045   +0.044    -0.002     -0.002     +0.011  +0.013   +0.053    -0.004  +0.040    -0.038     -0.025     +0.058   +0.039    -0.009  +0.045    -0.335     -0.067     +0.258   +0.047    -0.004  +0.069    -0.678     -0.278     +1.000   +0.003    -0.006  +0.015    -0.056     -0.128     +0.154    +0.071     -0.005      -0.000      +0.003   -0.001    -0.070    +0.050     -0.003      +0.003      +0.003   +0.004    +0.040     -0.006      +0.003      -0.000   +0.007   +0.072    -0.002     -0.003     -0.006  +0.025   +0.072    -0.004       +0.004       -0.004       -0.004       -0.004  +0.005
                         :     DRjet3pt:  +0.078   +0.005   +0.215    +0.004     +0.003     -0.008  +0.060   +0.188    -0.004  +0.136    -0.004     -0.016     +0.006   +0.038    +0.006  +0.019    -0.010     -0.014     +0.009   +0.055    +0.001  +0.031    +0.005     +0.002     +0.003   +1.000    +0.011  +0.849    +0.038     +0.010     -0.004    +0.072     +0.003      +0.001      -0.006   +0.020    -0.061    +0.528     +0.012      -0.008      -0.003   +0.413    +0.567     +0.009      -0.010      +0.004   +0.437   +0.296    +0.000     +0.011     +0.002  +0.090   +0.414    +0.009       -0.008       +0.007       +0.009       -0.003  +0.447
                         :    DRjet3eta:  +0.008   +0.011   +0.003    +0.188     +0.194     -0.002  -0.004   +0.001    +0.276  +0.009    +0.001     -0.009     -0.003   +0.001    +0.614  +0.004    +0.005     +0.007     -0.009   +0.007    +0.630  -0.001    +0.015     +0.020     -0.006   +0.011    +1.000  +0.008    +0.004     +0.009     -0.005    +0.004     +0.678      -0.054      +0.015   +0.003    +0.003    +0.006     +0.853      -0.281      -0.003   +0.017    -0.000     +0.858      -0.344      +0.009   +0.002   +0.001    +0.247     -0.080     -0.008  +0.003   -0.000    +0.828       +0.176       +0.577       -0.000       -0.007  +0.013
                         :      DRjet3m:  +0.077   -0.013   +0.182    +0.004     +0.002     -0.010  +0.051   +0.165    -0.009  +0.141    -0.002     -0.022     +0.007   +0.023    +0.001  +0.018    -0.015     -0.017     +0.019   +0.032    -0.001  +0.028    -0.009     -0.003     +0.015   +0.849    +0.008  +1.000    +0.055     -0.040     -0.007    +0.047     -0.002      -0.001      -0.001   -0.008    -0.051    +0.437     +0.008      -0.008      -0.001   +0.367    +0.473     +0.004      -0.005      +0.004   +0.383   +0.257    -0.001     +0.018     +0.007  +0.073   +0.339    +0.004       -0.005       +0.005       +0.011       -0.003  +0.384
                         :    DRjet3csv:  -0.024   +0.107   -0.001    +0.004     +0.002     -0.001  -0.006   -0.038    +0.004  -0.022    -0.026     -0.000     +0.021   -0.008    +0.010  -0.008    +0.036     +0.009     -0.027   -0.018    +0.001  -0.023    +0.072     +0.020     -0.056   +0.038    +0.004  +0.055    +1.000     +0.258     -0.132    -0.022     +0.009      +0.011      -0.005   -0.015    +0.018    -0.006     -0.001      +0.001      -0.005   +0.021    +0.004     +0.008      +0.000      -0.001   +0.018   -0.045    +0.006     -0.004     -0.000  +0.012   -0.016    +0.006       +0.000       +0.006       -0.011       +0.020  +0.015
                         :   DRjet3cvsl:  -0.085   +0.238   -0.065    -0.010     -0.013     +0.000  -0.025   -0.118    -0.005  -0.088    -0.044     +0.040     +0.038   -0.059    +0.005  -0.069    +0.075     +0.033     -0.067   -0.060    +0.004  -0.079    +0.168     +0.056     -0.128   +0.010    +0.009  -0.040    +0.258     +1.000     -0.646    -0.099     +0.004      -0.000      +0.005   -0.019    +0.098    -0.072     +0.003      -0.003      +0.001   -0.001    -0.074     +0.006      -0.005      -0.003   +0.007   -0.171    -0.006     -0.010     -0.013  -0.005   -0.115    +0.004       +0.003       +0.007       +0.018       -0.002  -0.005
                         :   DRjet3cvsb:  +0.075   -0.210   +0.079    -0.003     -0.001     -0.004  +0.041   +0.116    -0.006  +0.081    +0.002     -0.023     +0.023   +0.031    -0.002  +0.022    -0.100     -0.025     +0.087   +0.019    -0.006  +0.018    -0.214     -0.055     +0.154   -0.004    -0.005  -0.007    -0.132     -0.646     +1.000    +0.055     -0.006      +0.002      -0.000   -0.023    -0.088    +0.070     -0.007      -0.007      -0.012   -0.081    +0.081     -0.003      -0.001      -0.003   -0.084   +0.174    -0.008     +0.006     +0.008  +0.029   +0.106    -0.006       -0.015       -0.005       -0.031       +0.010  -0.086
                         :    DRjet12pt:  +0.135   +0.040   +0.456    -0.001     +0.008     -0.002  +0.128   +0.352    -0.001  +0.277    -0.040     -0.085     +0.043   +0.633    -0.000  +0.546    -0.051     -0.118     +0.102   +0.723    +0.003  +0.629    -0.045     -0.130     +0.071   +0.072    +0.004  +0.047    -0.022     -0.099     +0.055    +1.000     +0.003      -0.002      +0.001   +0.401    -0.762    +0.574     +0.006      +0.001      +0.013   +0.324    +0.485     +0.004      -0.003      -0.009   +0.270   +0.578    -0.001     +0.014     +0.004  +0.231   +0.862    +0.005       +0.003       +0.005       +0.003       +0.010  +0.387
                         :   DRjet12eta:  +0.000   +0.007   -0.006    +0.136     +0.142     -0.002  -0.001   -0.007    +0.243  -0.001    -0.003     -0.005     -0.007   -0.004    +0.854  +0.000    +0.007     +0.004     -0.011   +0.007    +0.866  +0.003    +0.011     +0.018     -0.005   +0.003    +0.678  -0.002    +0.009     +0.004     -0.006    +0.003     +1.000      -0.060      -0.006   -0.001    -0.005    +0.003     +0.839      +0.198      +0.005   +0.003    -0.003     +0.834      +0.135      -0.001   +0.006   -0.010    +0.198     -0.097     -0.001  +0.004   -0.001    +0.938       +0.688       +0.386       -0.004       +0.008  +0.006
                         :  DRjet12deta:  +0.002   -0.002   +0.009    -0.023     -0.026     -0.006  +0.007   -0.003    -0.022  -0.007    +0.004     +0.011     +0.001   +0.002    +0.313  +0.004    +0.013     -0.005     -0.003   -0.006    -0.410  -0.002    -0.003     -0.007     -0.000   +0.001    -0.054  -0.001    +0.011     -0.000     +0.002    -0.002     -0.060      +1.000      +0.002   +0.009    +0.006    -0.002     -0.226      -0.479      -0.001   +0.006    -0.002     +0.111      +0.465      +0.001   +0.018   +0.005    -0.027     -0.004     -0.001  -0.000   -0.001    -0.063       -0.040       -0.716       +0.003       -0.003  +0.014
                         :  DRjet12dphi:  -0.009   +0.007   +0.014    -0.009     -0.014     -0.025  +0.016   -0.006    -0.009  -0.005    +0.020     +0.003     -0.003   -0.003    -0.003  -0.008    +0.012     +0.011     -0.017   +0.001    -0.006  +0.000    -0.001     -0.001     +0.003   -0.006    +0.015  -0.001    -0.005     +0.005     -0.000    +0.001     -0.006      +0.002      +1.000   -0.010    -0.003    +0.001     +0.005      -0.019      -0.375   -0.007    -0.006     +0.005      -0.017      +0.379   -0.003   +0.007    -0.012     -0.003     +0.020  +0.009   +0.000    +0.001       -0.017       +0.011       +0.006       -0.725  -0.008
                         :     DRjet12m:  +0.005   -0.019   +0.166    -0.003     +0.011     +0.007  +0.010   +0.119    +0.006  +0.115    -0.023     -0.027     +0.021   +0.330    +0.001  +0.354    +0.015     -0.064     +0.024   +0.408    -0.006  +0.436    +0.023     -0.081     -0.001   +0.020    +0.003  -0.008    -0.015     -0.019     -0.023    +0.401     -0.001      +0.009      -0.010   +1.000    +0.064    +0.256     -0.002      -0.005      +0.003   +0.303    +0.186     +0.003      -0.005      -0.008   +0.258   +0.208    +0.002     +0.005     -0.002  +0.049   +0.311    +0.000       -0.003       -0.002       +0.004       +0.013  +0.496
                         :    DRjet12DR:  -0.124   -0.069   -0.358    -0.008     -0.008     +0.004  -0.116   -0.276    -0.001  -0.215    +0.031     +0.065     -0.036   -0.427    +0.002  -0.338    +0.050     +0.083     -0.079   -0.460    -0.004  -0.365    +0.059     +0.083     -0.070   -0.061    +0.003  -0.051    +0.018     +0.098     -0.088    -0.762     -0.005      +0.006      -0.003   +0.064    +1.000    -0.421     -0.003      -0.008      -0.015   -0.124    -0.379     -0.001      -0.003      +0.016   -0.111   -0.455    -0.006     -0.012     -0.000  -0.210   -0.679    -0.001       -0.008       -0.002       -0.002       -0.012  -0.102
                         :    DRjet23pt:  +0.164   +0.044   +0.428    -0.004     -0.001     +0.004  +0.110   +0.315    -0.002  +0.233    -0.006     -0.058     +0.017   -0.014    +0.002  -0.019    -0.021     -0.009     +0.021   +0.762    +0.004  +0.653    -0.021     -0.111     +0.050   +0.528    +0.006  +0.437    -0.006     -0.072     +0.070    +0.574     +0.003      -0.002      +0.001   +0.256    -0.421    +1.000     +0.011      -0.003      +0.000   +0.292    +0.309     +0.001      -0.004      -0.002   +0.167   +0.537    -0.002     +0.006     -0.000  +0.193   +0.781    +0.003       -0.001       +0.004       -0.000       +0.001  +0.291
                         :   DRjet23eta:  +0.005   +0.009   -0.002    +0.180     +0.179     -0.008  -0.008   -0.000    +0.270  +0.007    +0.001     -0.009     -0.006   -0.005    +0.668  -0.001    +0.009     +0.004     -0.011   +0.013    +0.865  +0.006    +0.010     +0.017     -0.003   +0.012    +0.853  +0.008    -0.001     +0.003     -0.007    +0.006     +0.839      -0.226      +0.005   -0.002    -0.003    +0.011     +1.000      +0.058      +0.005   +0.013    -0.002     +0.821      -0.177      +0.004   +0.000   -0.002    +0.239     -0.087     +0.001  -0.000   +0.001    +0.931       +0.425       +0.653       -0.000       -0.004  +0.010
                         :  DRjet23deta:  +0.002   +0.006   -0.013    -0.018     -0.009     -0.005  -0.008   -0.009    -0.017  -0.006    -0.009     +0.001     +0.003   -0.001    +0.020  -0.002    -0.004     +0.002     -0.002   +0.003    +0.401  +0.007    -0.003     -0.005     +0.003   -0.008    -0.281  -0.008    +0.001     -0.003     -0.007    +0.001     +0.198      -0.479      -0.019   -0.005    -0.008    -0.003     +0.058      +1.000      +0.008   -0.016    +0.001     -0.124      +0.304      -0.012   -0.010   -0.015    -0.022     +0.006     +0.012  -0.012   +0.000    +0.053       +0.593       +0.113       -0.007       +0.017  -0.015
                         :  DRjet23dphi:  +0.011   -0.009   +0.004    +0.011     +0.003     +0.050  +0.004   +0.001    +0.004  +0.004    +0.003     -0.007     -0.009   +0.000    +0.000  -0.001    -0.006     -0.018     +0.005   +0.015    +0.002  +0.020    +0.001     +0.004     +0.003   -0.003    -0.003  -0.001    -0.005     +0.001     -0.012    +0.013     +0.005      -0.001      -0.375   +0.003    -0.015    +0.000     +0.005      +0.008      +1.000   +0.021    -0.001     +0.002      +0.008      +0.111   -0.002   +0.003    +0.009     +0.000     -0.023  +0.006   +0.005    +0.005       +0.009       -0.008       +0.561       +0.220  +0.012
                         :     DRjet23m:  -0.052   -0.043   +0.107    +0.003     +0.007     -0.014  +0.036   +0.140    -0.004  +0.111    -0.021     -0.030     +0.014   +0.039    +0.010  +0.055    +0.000     -0.012     +0.002   +0.438    -0.004  +0.422    +0.035     -0.057     +0.004   +0.413    +0.017  +0.367    +0.021     -0.001     -0.081    +0.324     +0.003      +0.006      -0.007   +0.303    -0.124    +0.292     +0.013      -0.016      +0.021   +1.000    +0.162     +0.017      -0.012      +0.012   +0.489   +0.177    +0.000     +0.016     -0.006  +0.060   +0.250    +0.014       -0.010       +0.013       +0.035       -0.002  +0.861
                         :    DRjet31pt:  +0.160   +0.039   +0.391    +0.003     +0.008     +0.002  +0.101   +0.281    +0.001  +0.218    -0.013     -0.036     +0.019   +0.722    -0.005  +0.600    -0.048     -0.133     +0.100   -0.006    -0.003  -0.019    -0.054     -0.023     +0.040   +0.567    -0.000  +0.473    +0.004     -0.074     +0.081    +0.485     -0.003      -0.002      -0.006   +0.186    -0.379    +0.309     -0.002      +0.001      -0.001   +0.162    +1.000     -0.000      -0.010      -0.012   +0.274   +0.492    +0.003     +0.011     +0.006  +0.172   +0.723    -0.002       -0.006       +0.002       -0.009       +0.013  +0.259
                         :   DRjet31eta:  +0.009   +0.008   +0.002    +0.173     +0.175     -0.009  -0.003   -0.001    +0.264  +0.003    +0.003     -0.003     -0.007   -0.001    +0.853  +0.004    +0.010     +0.005     -0.013   +0.006    +0.679  -0.001    +0.013     +0.018     -0.006   +0.009    +0.858  +0.004    +0.008     +0.006     -0.003    +0.004     +0.834      +0.111      +0.005   +0.003    -0.001    +0.001     +0.821      -0.124      +0.002   +0.017    -0.000     +1.000      -0.007      +0.004   +0.006   -0.001    +0.231     -0.087     -0.006  +0.003   -0.002    +0.927       +0.418       +0.362       +0.006       -0.002  +0.016
                         :  DRjet31deta:  +0.003   -0.003   +0.002    -0.045     -0.037     -0.005  +0.003   -0.013    -0.043  -0.018    -0.000     +0.006     -0.002   -0.007    +0.366  -0.005    +0.008     -0.002     -0.004   +0.001    -0.041  +0.005    -0.002     -0.007     +0.003   -0.010    -0.344  -0.005    +0.000     -0.005     -0.001    -0.003     +0.135      +0.465      -0.017   -0.005    -0.003    -0.004     -0.177      +0.304      +0.008   -0.012    -0.010     -0.007      +1.000      -0.008   +0.009   -0.004    -0.051     +0.003     +0.015  -0.006   -0.006    -0.012       +0.546       -0.642       +0.000       +0.011  -0.004
                         :  DRjet31dphi:  +0.004   -0.008   +0.009    +0.005     +0.001     +0.014  +0.012   -0.015    -0.003  -0.015    +0.027     +0.006     -0.019   -0.017    +0.001  -0.026    +0.007     +0.006     -0.005   +0.002    -0.000  +0.007    +0.008     -0.010     -0.000   +0.004    +0.009  +0.004    -0.001     -0.003     -0.003    -0.009     -0.001      +0.001      +0.379   -0.008    +0.016    -0.002     +0.004      -0.012      +0.111   +0.012    -0.012     +0.004      -0.008      +1.000   -0.002   -0.005    +0.002     +0.000     +0.004  +0.003   -0.012    +0.005       -0.008       +0.003       +0.562       -0.644  +0.005
                         :     DRjet31m:  -0.060   -0.041   +0.085    -0.004     +0.001     -0.003  +0.039   +0.133    -0.003  +0.113    -0.027     -0.030     +0.020   +0.382    +0.010  +0.368    -0.019     -0.060     +0.046   +0.058    -0.003  +0.067    +0.021     +0.001     +0.007   +0.437    +0.002  +0.383    +0.018     +0.007     -0.084    +0.270     +0.006      +0.018      -0.003   +0.258    -0.111    +0.167     +0.000      -0.010      -0.002   +0.489    +0.274     +0.006      +0.009      -0.002   +1.000   +0.155    -0.003     +0.009     +0.002  +0.055   +0.223    +0.005       +0.004       -0.014       +0.007       -0.004  +0.823
                         :     DRlepTpt:  +0.158   +0.014   +0.763    -0.009     +0.003     +0.010  +0.142   +0.508    -0.003  +0.379    -0.012     -0.079     +0.016   +0.362    -0.007  +0.309    -0.043     -0.090     +0.074   +0.417    -0.012  +0.357    -0.062     -0.094     +0.072   +0.296    +0.001  +0.257    -0.045     -0.171     +0.174    +0.578     -0.010      +0.005      +0.007   +0.208    -0.455    +0.537     -0.002      -0.015      +0.003   +0.177    +0.492     -0.001      -0.004      -0.005   +0.155   +1.000    -0.008     +0.003     -0.003  +0.214   +0.677    -0.005       -0.010       -0.002       -0.004       +0.006  +0.211
                         :    DRlepTeta:  +0.016   +0.011   -0.004    +0.845     +0.784     -0.007  +0.010   -0.005    +0.864  +0.001    -0.004     -0.012     -0.001   +0.003    +0.192  -0.001    -0.011     +0.012     +0.001   -0.004    +0.205  -0.007    -0.001     +0.009     -0.002   +0.000    +0.247  -0.001    +0.006     -0.006     -0.008    -0.001     +0.198      -0.027      -0.012   +0.002    -0.006    -0.002     +0.239      -0.022      +0.009   +0.000    +0.003     +0.231      -0.051      +0.002   -0.003   -0.008    +1.000     -0.156     -0.010  +0.009   -0.001    +0.234       +0.091       +0.154       +0.001       +0.016  +0.000
                         :   DRlepTdeta:  +0.001   -0.017   +0.008    +0.178     +0.182     +0.020  +0.017   +0.003    -0.456  +0.000    -0.015     -0.006     +0.007   +0.007    -0.091  +0.011    -0.002     -0.006     -0.002   +0.005    -0.083  -0.001    +0.002     +0.006     -0.003   +0.011    -0.080  +0.018    -0.004     -0.010     +0.006    +0.014     -0.097      -0.004      -0.003   +0.005    -0.012    +0.006     -0.087      +0.006      +0.000   +0.016    +0.011     -0.087      +0.003      +0.000   +0.009   +0.003    -0.156     +1.000     -0.004  +0.010   +0.012    -0.095       -0.061       -0.047       +0.007       -0.004  +0.013
                         :   DRlepTdphi:  +0.007   -0.008   -0.001    -0.012     -0.007     -0.381  +0.007   +0.002    -0.003  +0.004    -0.008     -0.004     +0.002   +0.008    -0.001  +0.014    +0.003     -0.009     -0.002   -0.002    +0.004  -0.006    +0.003     -0.006     -0.006   +0.002    -0.008  +0.007    -0.000     -0.013     +0.008    +0.004     -0.001      -0.001      +0.020   -0.002    -0.000    -0.000     +0.001      +0.012      -0.023   -0.006    +0.006     -0.006      +0.015      +0.004   +0.002   -0.003    -0.010     -0.004     +1.000  +0.013   +0.004    -0.002       +0.005       -0.006       -0.023       -0.007  -0.003
                         :      DRlepTm:  +0.055   -0.016   +0.235    +0.007     +0.009     -0.006  +0.742   +0.326    +0.009  +0.328    -0.013     -0.080     +0.011   +0.139    +0.003  +0.118    -0.035     -0.041     +0.055   +0.163    +0.003  +0.136    -0.025     -0.037     +0.025   +0.090    +0.003  +0.073    +0.012     -0.005     +0.029    +0.231     +0.004      -0.000      +0.009   +0.049    -0.210    +0.193     -0.000      -0.012      +0.006   +0.060    +0.172     +0.003      -0.006      +0.003   +0.055   +0.214    +0.009     +0.010     +0.013  +1.000   +0.252    +0.001       -0.000       +0.006       +0.008       +0.002  +0.068
                         :     DRhadTpt:  +0.205   +0.057   +0.541    -0.002     +0.005     +0.005  +0.144   +0.395    -0.001  +0.303    -0.022     -0.075     +0.032   +0.542    -0.004  +0.452    -0.051     -0.107     +0.092   +0.615    -0.002  +0.522    -0.057     -0.113     +0.072   +0.414    -0.000  +0.339    -0.016     -0.115     +0.106    +0.862     -0.001      -0.001      +0.000   +0.311    -0.679    +0.781     +0.001      +0.000      +0.005   +0.250    +0.723     -0.002      -0.006      -0.012   +0.223   +0.677    -0.001     +0.012     +0.004  +0.252   +1.000    -0.003       -0.002       +0.001       -0.009       +0.011  +0.302
                         :    DRhadTeta:  +0.005   +0.008   -0.004    +0.174     +0.173     -0.005  -0.005   -0.003    +0.271  +0.003    -0.001     -0.007     -0.008   -0.003    +0.831  +0.001    +0.008     +0.005     -0.012   +0.009    +0.844  +0.003    +0.010     +0.019     -0.004   +0.009    +0.828  +0.004    +0.006     +0.004     -0.006    +0.005     +0.938      -0.063      +0.001   +0.000    -0.001    +0.003     +0.931      +0.053      +0.005   +0.014    -0.002     +0.927      -0.012      +0.005   +0.005   -0.005    +0.234     -0.095     -0.002  +0.001   -0.003    +1.000       +0.538       +0.489       +0.002       +0.000  +0.013
