TUnixSystem::SetDisplay:0: RuntimeWarning: DISPLAY not set, setting it to htop.local:0.0
DataSetInfo              : [keras1] : Added class "Signal"
                         : Add Tree tmva_tree of type Signal with 301282 events
DataSetInfo              : [keras1] : Added class "Background"
                         : Add Tree tmva_tree of type Background with 11912355 events
                         : Add Tree tmva_tree of type Background with 181561 events
Factory                  : Booking method: BDT
                         : 
DataSetFactory           : [keras1] : Number of events in input trees
                         : Dataset[keras1] :     Signal     requirement: "njets > 0 && nbjets_m > 0 && missingET > 0 && bjetmDR < 5 && bjetmDEta < 5 && bjetmDPhi < 5 && dibjetsMass < 9999 && bjetPt_dibjetsm < 9999 && cjetPt < 9999 && jet1pt < 9999 && jet2pt < 9999 && jet3pt < 9999 && jet4pt < 9999 && jet1csv > 0 && jet1csv < 1.01 && jet2csv > 0 && jet2csv < 1.01 && jet3csv > 0 && jet3csv < 1.01 && jet4csv > 0 && jet4csv < 1.01 && DRlepWpt > 0 &&DRlepWm > 0"
                         : Dataset[keras1] :     Signal          -- number of events passed: 298235  / sum of weights: 46597.6
                         : Dataset[keras1] :     Signal          -- efficiency             : 0.989886
                         : Dataset[keras1] :     Background requirement: "njets > 0 && nbjets_m > 0 && missingET > 0 && bjetmDR < 5 && bjetmDEta < 5 && bjetmDPhi < 5 && dibjetsMass < 9999 && bjetPt_dibjetsm < 9999 && cjetPt < 9999 && jet1pt < 9999 && jet2pt < 9999 && jet3pt < 9999 && jet4pt < 9999 && jet1csv > 0 && jet1csv < 1.01 && jet2csv > 0 && jet2csv < 1.01 && jet3csv > 0 && jet3csv < 1.01 && jet4csv > 0 && jet4csv < 1.01 && DRlepWpt > 0 &&DRlepWm > 0"
                         : Dataset[keras1] :     Background      -- number of events passed: 11756863  / sum of weights: 908040
                         : Dataset[keras1] :     Background      -- efficiency             : 0.977327
                         : Dataset[keras1] :  you have opted for interpreting the requested number of training/testing events
                         :  to be the number of events AFTER your preselection cuts
                         : 
                         : Dataset[keras1] :  you have opted for interpreting the requested number of training/testing events
                         :  to be the number of events AFTER your preselection cuts
                         : 
                         : Number of training and testing events
                         : ---------------------------------------------------------------------------
                         : Signal     -- training events            : 30000
                         : Signal     -- testing events             : 10000
                         : Signal     -- training and testing events: 40000
                         : Dataset[keras1] : Signal     -- due to the preselection a scaling factor has been applied to the numbers of requested events: 0.989887
                         : Background -- training events            : 30000
                         : Background -- testing events             : 10000
                         : Background -- training and testing events: 40000
                         : Dataset[keras1] : Background -- due to the preselection a scaling factor has been applied to the numbers of requested events: 0.97213
                         : 
DataSetInfo              : Correlation matrix (Signal):
                         : --------------------------------------------------------------------------------------------------------------------------------------------------------------------------------------------------------------------------------------------------------------------------------------------------------------------------------------------------------------------------------------------------------------------------------------------------------------------------------------------------------------------------------------------------------------------------------------------------
                         :                    njets nbjets_m ncjets_m lepDPhi missingET bjetmDR bjetmDEta bjetmDPhi dibjetsMass bjetPt_dibjetsm  cjetPt  jet1pt  jet2pt  jet3pt  jet4pt jet1csv jet2csv jet3csv jet4csv DRjet0pt DRjet0eta DRjet0m DRjet0csv DRjet0cvsl DRjet0cvsb DRjet1pt DRjet1eta DRjet1m DRjet1csv DRjet1cvsl DRjet1cvsb DRjet2pt DRjet2eta DRjet2m DRjet2csv DRjet2cvsl DRjet2cvsb DRjet3pt DRjet3eta DRjet3m DRjet3csv DRjet3cvsl DRjet3cvsb DRjet12pt DRjet12eta DRjet12m DRjet12DR DRjet23pt DRjet23eta DRjet23m DRjet31pt DRjet31eta DRjet31m DRlepTpt DRlepTeta DRlepTm DRhadTpt DRhadTeta DRhadTm
                         :           njets:  +1.000   +0.125   +0.360  -0.001    +0.118  -0.079    -0.000    +0.020      +0.050          +0.127  +0.101  +0.288  +0.293  +0.376  +0.506  -0.260  -0.196  -0.164  -0.166   +0.347    -0.013  +0.342    -0.259     -0.269     +0.253   +0.106    -0.010  +0.096    -0.051     -0.027     +0.054   +0.091    -0.007  +0.084    -0.082     -0.066     +0.080   +0.072    -0.013  +0.069    -0.142     -0.168     +0.141    +0.185     -0.011   -0.026    -0.188    +0.203     -0.013   -0.073    +0.211     -0.012   -0.078   +0.148    -0.014  +0.327   +0.275    -0.013  -0.080
                         :        nbjets_m:  +0.125   +1.000   -0.035  +0.006    +0.012  -0.259    +0.002    +0.000      -0.196          -0.001  +0.007  +0.032  +0.034  +0.046  +0.064  +0.069  +0.080  +0.100  +0.111   +0.053    -0.010  +0.051    +0.107     +0.098     -0.089   +0.011    +0.005  +0.001    -0.003     -0.009     +0.011   -0.026    +0.006  -0.032    +0.018     -0.008     +0.017   +0.022    +0.007  +0.003    +0.125     +0.196     -0.176    +0.004     +0.007   -0.079    -0.078    +0.033     +0.006   -0.060    +0.058     +0.009   -0.057   +0.035    -0.008  +0.029   +0.053    +0.007  -0.081
                         :        ncjets_m:  +0.360   -0.035   +1.000  -0.010    +0.035  -0.017    -0.013    -0.002      +0.019          +0.047  +0.116  +0.113  +0.121  +0.163  +0.210  -0.083  -0.066  -0.049  -0.003   +0.140    -0.004  +0.148    -0.061     -0.025     +0.147   +0.034    -0.002  +0.022    -0.104     -0.027     +0.105   +0.041    +0.009  +0.025    -0.145     -0.054     +0.220   +0.055    -0.005  +0.046    +0.012     +0.106     +0.162    +0.068     +0.004   -0.011    -0.072    +0.107     +0.003   -0.048    +0.096     -0.005   -0.027   +0.069    +0.001  +0.135   +0.121    +0.002  -0.040
                         :         lepDPhi:  -0.001   +0.006   -0.010  +1.000    +0.002  -0.009    -0.007    +0.005      -0.001          +0.005  +0.007  +0.008  +0.006  -0.000  -0.000  -0.032  +0.011  +0.004  +0.012   +0.008    -0.003  +0.008    -0.012     -0.009     +0.011   +0.006    -0.012  +0.009    -0.019     -0.002     +0.018   +0.002    +0.003  +0.005    -0.012     +0.011     +0.019   +0.001    -0.005  +0.004    +0.001     -0.003     +0.004    +0.011     -0.003   -0.002    -0.015    +0.002     +0.003   +0.004    +0.003     -0.006   +0.004   +0.015    -0.011  -0.004   +0.007    -0.006  +0.003
                         :       missingET:  +0.118   +0.012   +0.035  +0.002    +1.000  -0.148    +0.009    +0.001      +0.097          +0.279  +0.109  +0.341  +0.219  +0.210  +0.179  -0.092  -0.035  +0.003  -0.000   +0.192    +0.012  +0.166    -0.064     -0.065     +0.059   +0.182    +0.001  +0.171    -0.006     -0.054     +0.028   +0.220    -0.003  +0.189    -0.014     -0.053     +0.035   +0.184    -0.011  +0.141    -0.011     -0.040     +0.033    +0.298     -0.007   +0.069    -0.157    +0.302     -0.005   +0.082    +0.279     -0.007   +0.068   +0.423    +0.008  +0.407   +0.365    -0.006  +0.094
                         :         bjetmDR:  -0.079   -0.259   -0.017  -0.009    -0.148  +1.000    +0.006    +0.011      +0.540          -0.217  -0.073  -0.221  -0.220  -0.221  -0.181  +0.017  -0.037  -0.051  -0.007   -0.167    +0.006  -0.139    +0.087     +0.095     -0.083   -0.171    -0.003  -0.136    +0.025     +0.039     -0.041   -0.185    -0.014  -0.139    -0.001     +0.040     -0.046   -0.109    -0.011  -0.089    -0.088     -0.162     +0.161    -0.343     -0.011   +0.334    +0.661    -0.232     -0.014   +0.009    -0.224     -0.007   +0.018   -0.290    +0.008  -0.092   -0.357    -0.011  +0.119
                         :       bjetmDEta:  -0.000   +0.002   -0.013  -0.007    +0.009  +0.006    +1.000    +0.003      +0.002          -0.000  +0.009  +0.001  +0.005  -0.003  +0.003  -0.013  +0.018  -0.009  +0.015   +0.003    -0.016  -0.000    -0.000     -0.001     -0.007   -0.008    +0.366  -0.004    +0.018     -0.002     -0.010   +0.003    -0.398  +0.003    +0.012     +0.006     +0.001   +0.015    -0.102  +0.024    -0.007     -0.017     +0.012    -0.003     -0.023   -0.002    +0.006    +0.011     -0.266   +0.003    +0.007     +0.127   +0.014   -0.001    -0.016  +0.017   +0.006    -0.060  +0.008
                         :       bjetmDPhi:  +0.020   +0.000   -0.002  +0.005    +0.001  +0.011    +0.003    +1.000      +0.006          +0.001  -0.001  +0.003  +0.007  -0.001  -0.000  -0.018  -0.009  -0.002  +0.005   +0.004    +0.006  +0.005    -0.007     -0.006     +0.006   -0.014    +0.003  -0.014    -0.012     +0.011     -0.006   +0.005    -0.002  +0.001    -0.026     -0.006     +0.017   +0.005    +0.007  +0.006    -0.004     -0.007     +0.001    -0.007     +0.002   -0.001    +0.010    +0.008     +0.006   +0.004    -0.010     +0.007   +0.006   +0.001    +0.007  +0.004   -0.004    +0.008  +0.003
                         :     dibjetsMass:  +0.050   -0.196   +0.019  -0.001    +0.097  +0.540    +0.002    +0.006      +1.000          +0.519  +0.086  +0.333  +0.356  +0.337  +0.258  +0.091  +0.024  -0.031  -0.124   +0.180    +0.010  +0.153    -0.000     -0.014     +0.005   +0.374    -0.005  +0.339    +0.007     -0.048     +0.010   +0.385    -0.009  +0.368    +0.013     -0.051     -0.027   +0.122    -0.015  +0.111    -0.075     -0.138     +0.119    +0.410     -0.011   +0.769    +0.338    +0.273     -0.012   +0.329    +0.265     -0.007   +0.302   +0.248    +0.012  +0.095   +0.336    -0.009  +0.550
                         : bjetPt_dibjetsm:  +0.127   -0.001   +0.047  +0.005    +0.279  -0.217    -0.000    +0.001      +0.519          +1.000  +0.174  +0.712  +0.701  +0.546  +0.385  +0.110  -0.002  -0.067  -0.107   +0.405    +0.013  +0.328    -0.059     -0.081     +0.061   +0.603    -0.000  +0.522    -0.024     -0.090     +0.061   +0.659    +0.006  +0.579    -0.004     -0.102     +0.036   +0.302    -0.002  +0.256    -0.009     -0.026     +0.016    +0.826     +0.001   +0.455    -0.169    +0.585     +0.002   +0.386    +0.568     +0.001   +0.314   +0.608    +0.008  +0.215   +0.768    +0.004  +0.492
                         :          cjetPt:  +0.101   +0.007   +0.116  +0.007    +0.109  -0.073    +0.009    -0.001      +0.086          +0.174  +1.000  +0.345  +0.308  +0.288  +0.253  -0.143  -0.021  +0.010  +0.028   +0.358    -0.004  +0.329    -0.073     -0.057     +0.114   +0.069    -0.010  +0.055    -0.021     -0.017     +0.032   +0.177    -0.015  +0.160    -0.015     -0.054     +0.045   +0.204    -0.002  +0.180    +0.016     -0.009     -0.008    +0.172     -0.012   +0.079    -0.061    +0.250     -0.008   +0.122    +0.178     -0.005   +0.085   +0.212    +0.003  +0.273   +0.235    -0.007  +0.127
                         :          jet1pt:  +0.288   +0.032   +0.113  +0.008    +0.341  -0.221    +0.001    +0.003      +0.333          +0.712  +0.345  +1.000  +0.791  +0.638  +0.515  -0.187  -0.036  -0.013  -0.034   +0.844    +0.008  +0.703    -0.132     -0.174     +0.143   +0.451    -0.003  +0.385    -0.039     -0.074     +0.071   +0.499    +0.003  +0.436    -0.028     -0.101     +0.056   +0.428    -0.005  +0.364    -0.020     -0.036     +0.021    +0.645     -0.001   +0.304    -0.201    +0.604     -0.001   +0.320    +0.589     -0.001   +0.265   +0.662    +0.005  +0.572   +0.723    +0.002  +0.387
                         :          jet2pt:  +0.293   +0.034   +0.121  +0.006    +0.219  -0.220    +0.005    +0.007      +0.356          +0.701  +0.308  +0.791  +1.000  +0.760  +0.586  -0.147  -0.054  -0.022  -0.045   +0.757    -0.005  +0.647    -0.106     -0.144     +0.110   +0.463    -0.008  +0.389    -0.042     -0.066     +0.074   +0.516    -0.003  +0.446    -0.033     -0.107     +0.056   +0.455    -0.010  +0.388    -0.025     -0.036     +0.030    +0.654     -0.006   +0.329    -0.201    +0.620     -0.005   +0.342    +0.601     -0.006   +0.292   +0.638    -0.002  +0.433   +0.731    -0.002  +0.417
                         :          jet3pt:  +0.376   +0.046   +0.163  -0.000    +0.210  -0.221    -0.003    -0.001      +0.337          +0.546  +0.288  +0.638  +0.760  +1.000  +0.762  -0.174  -0.089  -0.026  -0.050   +0.638    -0.003  +0.552    -0.142     -0.167     +0.140   +0.420    -0.015  +0.347    -0.033     -0.067     +0.062   +0.459    -0.006  +0.387    -0.025     -0.100     +0.050   +0.434    -0.006  +0.370    -0.033     -0.036     +0.031    +0.582     -0.010   +0.317    -0.212    +0.575     -0.006   +0.304    +0.558     -0.011   +0.273   +0.535    +0.001  +0.394   +0.674    -0.007  +0.378
                         :          jet4pt:  +0.506   +0.064   +0.210  -0.000    +0.179  -0.181    +0.003    -0.000      +0.258          +0.385  +0.253  +0.515  +0.586  +0.762  +1.000  -0.204  -0.130  -0.088  -0.038   +0.544    -0.000  +0.487    -0.177     -0.197     +0.173   +0.313    -0.015  +0.250    -0.026     -0.053     +0.049   +0.346    -0.012  +0.302    -0.026     -0.067     +0.047   +0.373    -0.004  +0.315    -0.047     -0.048     +0.054    +0.448     -0.016   +0.227    -0.200    +0.488     -0.010   +0.214    +0.461     -0.008   +0.204   +0.408    +0.001  +0.378   +0.562    -0.013  +0.268
                         :         jet1csv:  -0.260   +0.069   -0.083  -0.032    -0.092  +0.017    -0.013    -0.018      +0.091          +0.110  -0.143  -0.187  -0.147  -0.174  -0.204  +1.000  -0.118  -0.135  -0.139   -0.281    +0.005  -0.259    +0.422     +0.399     -0.376   +0.095    -0.012  +0.072    +0.044     -0.005     -0.038   +0.065    +0.003  +0.050    +0.056     +0.006     -0.044   -0.217    +0.001  -0.188    +0.057     +0.057     -0.044    +0.080     -0.002   +0.104    +0.042    -0.104     -0.001   -0.039    -0.091     -0.005   -0.039   -0.014    +0.010  -0.331   -0.048    -0.004  -0.003
                         :         jet2csv:  -0.196   +0.080   -0.066  +0.011    -0.035  -0.037    +0.018    -0.009      +0.024          -0.002  -0.021  -0.036  -0.054  -0.089  -0.130  -0.118  +1.000  -0.139  -0.174   -0.037    +0.013  -0.054    +0.202     +0.191     -0.185   +0.056    +0.002  +0.043    +0.046     -0.011     -0.025   +0.004    -0.009  +0.006    +0.049     -0.001     -0.043   -0.104    -0.009  -0.095    +0.074     +0.097     -0.083    +0.017     -0.005   +0.048    +0.003    -0.070     -0.007   -0.018    -0.050     -0.005   +0.005   -0.012    +0.003  -0.074   -0.046    -0.007  +0.007
                         :         jet3csv:  -0.164   +0.100   -0.049  +0.004    +0.003  -0.051    -0.009    -0.002      -0.031          -0.067  +0.010  -0.013  -0.022  -0.026  -0.088  -0.135  -0.139  +1.000  -0.199   -0.000    -0.011  +0.005    +0.060     +0.054     -0.051   -0.028    +0.013  -0.018    +0.055     +0.013     -0.048   -0.021    +0.012  -0.023    +0.073     +0.033     -0.042   +0.031    +0.002  +0.014    +0.084     +0.131     -0.112    -0.041     +0.012   +0.003    +0.009    -0.006     +0.007   +0.014    +0.001     +0.006   +0.014   +0.010    -0.008  +0.001   -0.018    +0.009  +0.011
                         :         jet4csv:  -0.166   +0.111   -0.003  +0.012    -0.000  -0.007    +0.015    +0.005      -0.124          -0.107  +0.028  -0.034  -0.045  -0.050  -0.038  -0.139  -0.174  -0.199  +1.000   -0.004    +0.003  -0.004    -0.017     -0.013     +0.033   -0.115    +0.015  -0.105    +0.023     +0.030     -0.022   -0.084    +0.008  -0.078    +0.028     +0.029     -0.018   +0.111    +0.025  +0.094    +0.099     +0.166     -0.122    -0.123     +0.022   -0.086    +0.046    -0.007     +0.020   +0.022    -0.023     +0.025   +0.026   -0.050    +0.007  +0.019   -0.071    +0.024  -0.002
                         :        DRjet0pt:  +0.347   +0.053   +0.140  +0.008    +0.192  -0.167    +0.003    +0.004      +0.180          +0.405  +0.358  +0.844  +0.757  +0.638  +0.544  -0.281  -0.037  -0.000  -0.004   +1.000    -0.004  +0.845    -0.131     -0.179     +0.144   +0.272    -0.014  +0.225    -0.040     -0.048     +0.061   +0.293    -0.006  +0.251    -0.047     -0.082     +0.059   +0.246    -0.012  +0.214    -0.040     -0.050     +0.050    +0.414     -0.010   +0.138    -0.191    +0.415     -0.011   +0.117    +0.401     -0.009   +0.085   +0.513    -0.002  +0.653   +0.514    -0.010  +0.143
                         :       DRjet0eta:  -0.013   -0.010   -0.004  -0.003    +0.012  +0.006    -0.016    +0.006      +0.010          +0.013  -0.004  +0.008  -0.005  -0.003  -0.000  +0.005  +0.013  -0.011  +0.003   -0.004    +1.000  +0.002    +0.009     +0.005     -0.005   +0.013    +0.115  +0.000    -0.014     -0.014     +0.007   -0.004    +0.116  -0.000    -0.004     +0.016     +0.002   +0.009    +0.162  +0.012    +0.002     -0.015     +0.002    +0.002     +0.108   +0.009    +0.007    -0.006     +0.141   +0.010    +0.008     +0.140   +0.007   +0.007    +0.833  -0.005   -0.001    +0.127  +0.012
                         :         DRjet0m:  +0.342   +0.051   +0.148  +0.008    +0.166  -0.139    -0.000    +0.005      +0.153          +0.328  +0.329  +0.703  +0.647  +0.552  +0.487  -0.259  -0.054  +0.005  -0.004   +0.845    +0.002  +1.000    -0.145     -0.188     +0.169   +0.222    -0.003  +0.183    -0.024     -0.047     +0.045   +0.232    +0.002  +0.203    -0.031     -0.074     +0.041   +0.220    -0.007  +0.196    -0.026     -0.036     +0.030    +0.334     -0.002   +0.122    -0.154    +0.345     -0.006   +0.106    +0.339     -0.002   +0.081   +0.397    +0.002  +0.586   +0.426    -0.004  +0.131
                         :       DRjet0csv:  -0.259   +0.107   -0.061  -0.012    -0.064  +0.087    -0.000    -0.007      -0.000          -0.059  -0.073  -0.132  -0.106  -0.142  -0.177  +0.422  +0.202  +0.060  -0.017   -0.131    +0.009  -0.145    +1.000     +0.866     -0.829   -0.033    -0.016  -0.028    -0.059     -0.004     +0.043   -0.043    -0.009  -0.032    -0.129     -0.036     +0.085   -0.074    -0.003  -0.059    -0.126     -0.262     +0.296    +0.008     -0.010   -0.125    -0.117    -0.053     -0.007   -0.058    -0.053     -0.008   -0.040   +0.067    +0.008  -0.279   -0.022    -0.008  -0.087
                         :      DRjet0cvsl:  -0.269   +0.098   -0.025  -0.009    -0.065  +0.095    -0.001    -0.006      -0.014          -0.081  -0.057  -0.174  -0.144  -0.167  -0.197  +0.399  +0.191  +0.054  -0.013   -0.179    +0.005  -0.188    +0.866     +1.000     -0.827   -0.049    -0.010  -0.045    -0.059     +0.005     +0.042   -0.059    -0.008  -0.049    -0.125     -0.031     +0.084   -0.082    -0.002  -0.073    -0.129     -0.263     +0.303    -0.012     -0.005   -0.140    -0.114    -0.070     -0.005   -0.071    -0.069     -0.007   -0.049   +0.042    +0.006  -0.310   -0.043    -0.005  -0.103
                         :      DRjet0cvsb:  +0.253   -0.089   +0.147  +0.011    +0.059  -0.083    -0.007    +0.006      +0.005          +0.061  +0.114  +0.143  +0.110  +0.140  +0.173  -0.376  -0.185  -0.051  +0.033   +0.144    -0.005  +0.169    -0.829     -0.827     +1.000   +0.040    +0.013  +0.038    +0.060     -0.000     -0.051   +0.041    +0.017  +0.030    +0.134     +0.036     -0.091   +0.074    +0.008  +0.060    +0.129     +0.273     -0.313    -0.007     +0.014   +0.133    +0.124    +0.051     +0.015   +0.058    +0.054     +0.016   +0.050   -0.062    -0.006  +0.293   +0.020    +0.015  +0.095
                         :        DRjet1pt:  +0.106   +0.011   +0.034  +0.006    +0.182  -0.171    -0.008    -0.014      +0.374          +0.603  +0.069  +0.451  +0.463  +0.420  +0.313  +0.095  +0.056  -0.028  -0.115   +0.272    +0.013  +0.222    -0.033     -0.049     +0.040   +1.000    -0.010  +0.854    -0.025     -0.146     +0.086   +0.034    -0.000  +0.028    -0.029     -0.050     +0.034   +0.065    -0.007  +0.048    -0.015     -0.022     +0.020    +0.637     -0.007   +0.393    -0.157    +0.057     -0.008   +0.048    +0.668     -0.005   +0.388   +0.418    +0.009  +0.126   +0.530    -0.005  +0.333
                         :       DRjet1eta:  -0.010   +0.005   -0.002  -0.012    +0.001  -0.003    +0.366    +0.003      -0.005          -0.000  -0.010  -0.003  -0.008  -0.015  -0.015  -0.012  +0.002  +0.013  +0.015   -0.014    +0.115  -0.003    -0.016     -0.010     +0.013   -0.010    +1.000  -0.007    +0.025     +0.002     -0.026   +0.007    +0.571  +0.012    +0.015     +0.007     -0.009   +0.010    +0.558  +0.009    +0.005     +0.013     -0.010    -0.003     +0.843   +0.001    +0.006    +0.004     +0.618   +0.002    -0.011     +0.829   +0.019   -0.021    +0.195  +0.004   -0.009    +0.801  +0.011
                         :         DRjet1m:  +0.096   +0.001   +0.022  +0.009    +0.171  -0.136    -0.004    -0.014      +0.339          +0.522  +0.055  +0.385  +0.389  +0.347  +0.250  +0.072  +0.043  -0.018  -0.105   +0.225    +0.000  +0.183    -0.028     -0.045     +0.038   +0.854    -0.007  +1.000    -0.039     -0.158     +0.111   +0.031    -0.001  +0.032    -0.036     -0.059     +0.034   +0.040    -0.005  +0.038    -0.023     -0.040     +0.017    +0.549     -0.005   +0.344    -0.134    +0.040     -0.005   +0.045    +0.565     -0.002   +0.330   +0.362    -0.003  +0.104   +0.450    -0.002  +0.287
                         :       DRjet1csv:  -0.051   -0.003   -0.104  -0.019    -0.006  +0.025    +0.018    -0.012      +0.007          -0.024  -0.021  -0.039  -0.042  -0.033  -0.026  +0.044  +0.046  +0.055  +0.023   -0.040    -0.014  -0.024    -0.059     -0.059     +0.060   -0.025    +0.025  -0.039    +1.000     +0.186     -0.711   -0.004    +0.013  -0.015    +0.503     +0.152     -0.353   -0.016    +0.007  -0.028    +0.042     +0.097     -0.108    -0.052     +0.024   +0.055    +0.090    -0.035     +0.011   +0.022    -0.042     +0.022   +0.000   -0.058    -0.009  -0.019   -0.063    +0.020  +0.026
                         :      DRjet1cvsl:  -0.027   -0.009   -0.027  -0.002    -0.054  +0.039    -0.002    +0.011      -0.048          -0.090  -0.017  -0.074  -0.066  -0.067  -0.053  -0.005  -0.011  +0.013  +0.030   -0.048    -0.014  -0.047    -0.004     +0.005     -0.000   -0.146    +0.002  -0.158    +0.186     +1.000     -0.205   -0.003    +0.016  -0.009    +0.096     +0.050     -0.061   -0.007    +0.001  -0.017    +0.005     +0.017     -0.007    -0.094     +0.005   -0.045    +0.040    -0.009     +0.009   -0.003    -0.102     +0.002   -0.058   -0.072    -0.011  -0.031   -0.085    +0.005  -0.043
                         :      DRjet1cvsb:  +0.054   +0.011   +0.105  +0.018    +0.028  -0.041    -0.010    -0.006      +0.010          +0.061  +0.032  +0.071  +0.074  +0.062  +0.049  -0.038  -0.025  -0.048  -0.022   +0.061    +0.007  +0.045    +0.043     +0.042     -0.051   +0.086    -0.026  +0.111    -0.711     -0.205     +1.000   +0.010    -0.018  +0.023    -0.378     -0.124     +0.275   +0.019    -0.007  +0.036    -0.030     -0.078     +0.078    +0.089     -0.024   -0.028    -0.095    +0.035     -0.013   -0.006    +0.078     -0.018   +0.015   +0.085    +0.002  +0.037   +0.089    -0.020  -0.004
                         :        DRjet2pt:  +0.091   -0.026   +0.041  +0.002    +0.220  -0.185    +0.003    +0.005      +0.385          +0.659  +0.177  +0.499  +0.516  +0.459  +0.346  +0.065  +0.004  -0.021  -0.084   +0.293    -0.004  +0.232    -0.043     -0.059     +0.041   +0.034    +0.007  +0.031    -0.004     -0.003     +0.010   +1.000    +0.009  +0.874    +0.029     -0.112     +0.023   +0.112    +0.011  +0.083    -0.016     -0.036     +0.030    +0.695     +0.010   +0.399    -0.177    +0.700     +0.013   +0.447    +0.081     +0.009   +0.070   +0.455    +0.000  +0.163   +0.567    +0.012  +0.388
                         :       DRjet2eta:  -0.007   +0.006   +0.009  +0.003    -0.003  -0.014    -0.398    -0.002      -0.009          +0.006  -0.015  +0.003  -0.003  -0.006  -0.012  +0.003  -0.009  +0.012  +0.008   -0.006    +0.116  +0.002    -0.009     -0.008     +0.017   -0.000    +0.571  -0.001    +0.013     +0.016     -0.018   +0.009    +1.000  +0.011    +0.004     +0.007     -0.008   -0.003    +0.573  -0.010    +0.008     +0.024     -0.018    +0.006     +0.862   -0.004    -0.007    -0.003     +0.841   -0.003    -0.009     +0.625   +0.002   -0.011    +0.195  -0.009   -0.006    +0.816  -0.001
                         :         DRjet2m:  +0.084   -0.032   +0.025  +0.005    +0.189  -0.139    +0.003    +0.001      +0.368          +0.579  +0.160  +0.436  +0.446  +0.387  +0.302  +0.050  +0.006  -0.023  -0.078   +0.251    -0.000  +0.203    -0.032     -0.049     +0.030   +0.028    +0.012  +0.032    -0.015     -0.009     +0.023   +0.874    +0.011  +1.000    +0.011     -0.147     +0.040   +0.088    +0.009  +0.071    -0.022     -0.054     +0.031    +0.608     +0.011   +0.367    -0.142    +0.603     +0.012   +0.412    +0.060     +0.010   +0.072   +0.394    +0.001  +0.132   +0.486    +0.012  +0.361
                         :       DRjet2csv:  -0.082   +0.018   -0.145  -0.012    -0.014  -0.001    +0.012    -0.026      +0.013          -0.004  -0.015  -0.028  -0.033  -0.025  -0.026  +0.056  +0.049  +0.073  +0.028   -0.047    -0.004  -0.031    -0.129     -0.125     +0.134   -0.029    +0.015  -0.036    +0.503     +0.096     -0.378   +0.029    +0.004  +0.011    +1.000     +0.287     -0.707   +0.011    +0.004  -0.010    +0.121     +0.216     -0.237    -0.054     +0.012   +0.108    +0.149    -0.020     +0.008   +0.065    -0.044     +0.013   +0.022   -0.061    -0.010  -0.011   -0.069    +0.012  +0.076
                         :      DRjet2cvsl:  -0.066   -0.008   -0.054  +0.011    -0.053  +0.040    +0.006    -0.006      -0.051          -0.102  -0.054  -0.101  -0.107  -0.100  -0.067  +0.006  -0.001  +0.033  +0.029   -0.082    +0.016  -0.074    -0.036     -0.031     +0.036   -0.050    +0.007  -0.059    +0.152     +0.050     -0.124   -0.112    +0.007  -0.147    +0.287     +1.000     -0.278   -0.018    +0.014  -0.031    +0.038     +0.080     -0.064    -0.125     +0.006   -0.032    +0.071    -0.095     +0.011   -0.035    -0.053     +0.012   -0.009   -0.103    +0.010  -0.041   -0.112    +0.008  -0.034
                         :      DRjet2cvsb:  +0.080   +0.017   +0.220  +0.019    +0.035  -0.046    +0.001    +0.017      -0.027          +0.036  +0.045  +0.056  +0.056  +0.050  +0.047  -0.044  -0.043  -0.042  -0.018   +0.059    +0.002  +0.041    +0.085     +0.084     -0.091   +0.034    -0.009  +0.034    -0.353     -0.061     +0.275   +0.023    -0.008  +0.040    -0.707     -0.278     +1.000   +0.003    -0.013  +0.018    -0.088     -0.151     +0.167    +0.085     -0.008   -0.091    -0.149    +0.054     -0.016   -0.030    +0.046     -0.015   -0.001   +0.075    +0.007  +0.033   +0.091    -0.014  -0.043
                         :        DRjet3pt:  +0.072   +0.022   +0.055  +0.001    +0.184  -0.109    +0.015    +0.005      +0.122          +0.302  +0.204  +0.428  +0.455  +0.434  +0.373  -0.217  -0.104  +0.031  +0.111   +0.246    +0.009  +0.220    -0.074     -0.082     +0.074   +0.065    +0.010  +0.040    -0.016     -0.007     +0.019   +0.112    -0.003  +0.088    +0.011     -0.018     +0.003   +1.000    -0.001  +0.863    +0.067     +0.073     -0.077    +0.094     +0.002   +0.093    +0.006    +0.590     +0.004   +0.477    +0.622     +0.004   +0.437   +0.368    +0.005  +0.172   +0.462    +0.008  +0.475
                         :       DRjet3eta:  -0.013   +0.007   -0.005  -0.005    -0.011  -0.011    -0.102    +0.007      -0.015          -0.002  -0.002  -0.005  -0.010  -0.006  -0.004  +0.001  -0.009  +0.002  +0.025   -0.012    +0.162  -0.007    -0.003     -0.002     +0.008   -0.007    +0.558  -0.005    +0.007     +0.001     -0.007   +0.011    +0.573  +0.009    +0.004     +0.014     -0.013   -0.001    +1.000  -0.006    +0.010     +0.003     +0.002    +0.004     +0.631   -0.013    -0.008    -0.006     +0.835   +0.019    -0.014     +0.838   +0.007   -0.017    +0.212  -0.008   -0.011    +0.806  +0.009
                         :         DRjet3m:  +0.069   +0.003   +0.046  +0.004    +0.141  -0.089    +0.024    +0.006      +0.111          +0.256  +0.180  +0.364  +0.388  +0.370  +0.315  -0.188  -0.095  +0.014  +0.094   +0.214    +0.012  +0.196    -0.059     -0.073     +0.060   +0.048    +0.009  +0.038    -0.028     -0.017     +0.036   +0.083    -0.010  +0.071    -0.010     -0.031     +0.018   +0.863    -0.006  +1.000    +0.062     +0.027     -0.072    +0.068     -0.002   +0.075    +0.007    +0.493     -0.004   +0.425    +0.526     -0.001   +0.387   +0.313    +0.006  +0.149   +0.382    +0.001  +0.416
                         :       DRjet3csv:  -0.142   +0.125   +0.012  +0.001    -0.011  -0.088    -0.007    -0.004      -0.075          -0.009  +0.016  -0.020  -0.025  -0.033  -0.047  +0.057  +0.074  +0.084  +0.099   -0.040    +0.002  -0.026    -0.126     -0.129     +0.129   -0.015    +0.005  -0.023    +0.042     +0.005     -0.030   -0.016    +0.008  -0.022    +0.121     +0.038     -0.088   +0.067    +0.010  +0.062    +1.000     +0.435     -0.340    -0.074     +0.011   +0.069    +0.137    -0.003     +0.011   +0.042    +0.002     +0.009   +0.037   -0.033    +0.003  -0.011   -0.049    +0.010  +0.060
                         :      DRjet3cvsl:  -0.168   +0.196   +0.106  -0.003    -0.040  -0.162    -0.017    -0.007      -0.138          -0.026  -0.009  -0.036  -0.036  -0.036  -0.048  +0.057  +0.097  +0.131  +0.166   -0.050    -0.015  -0.036    -0.262     -0.263     +0.273   -0.022    +0.013  -0.040    +0.097     +0.017     -0.078   -0.036    +0.024  -0.054    +0.216     +0.080     -0.151   +0.073    +0.003  +0.027    +0.435     +1.000     -0.670    -0.127     +0.021   +0.107    +0.221    -0.024     +0.015   +0.032    -0.016     +0.010   +0.042   -0.080    -0.012  +0.003   -0.095    +0.014  +0.067
                         :      DRjet3cvsb:  +0.141   -0.176   +0.162  +0.004    +0.033  +0.161    +0.012    +0.001      +0.119          +0.016  -0.008  +0.021  +0.030  +0.031  +0.054  -0.044  -0.083  -0.112  -0.122   +0.050    +0.002  +0.030    +0.296     +0.303     -0.313   +0.020    -0.010  +0.017    -0.108     -0.007     +0.078   +0.030    -0.018  +0.031    -0.237     -0.064     +0.167   -0.077    +0.002  -0.072    -0.340     -0.670     +1.000    +0.121     -0.016   -0.116    -0.219    +0.032     -0.008   -0.078    +0.019     -0.006   -0.071   +0.094    +0.004  -0.014   +0.102    -0.009  -0.107
                         :       DRjet12pt:  +0.185   +0.004   +0.068  +0.011    +0.298  -0.343    -0.003    -0.007      +0.410          +0.826  +0.172  +0.645  +0.654  +0.582  +0.448  +0.080  +0.017  -0.041  -0.123   +0.414    +0.002  +0.334    +0.008     -0.012     -0.007   +0.637    -0.003  +0.549    -0.052     -0.094     +0.089   +0.695    +0.006  +0.608    -0.054     -0.125     +0.085   +0.094    +0.004  +0.068    -0.074     -0.127     +0.121    +1.000     +0.001   +0.307    -0.483    +0.522     +0.005   +0.301    +0.477     +0.002   +0.257   +0.643    +0.002  +0.202   +0.810    +0.005  +0.369
                         :      DRjet12eta:  -0.011   +0.007   +0.004  -0.003    -0.007  -0.011    -0.023    +0.002      -0.011          +0.001  -0.012  -0.001  -0.006  -0.010  -0.016  -0.002  -0.005  +0.012  +0.022   -0.010    +0.108  -0.002    -0.010     -0.005     +0.014   -0.007    +0.843  -0.005    +0.024     +0.005     -0.024   +0.010    +0.862  +0.011    +0.012     +0.006     -0.008   +0.002    +0.631  -0.002    +0.011     +0.021     -0.016    +0.001     +1.000   -0.008    -0.005    +0.001     +0.815   -0.002    -0.012     +0.803   +0.009   -0.018    +0.201  -0.006   -0.009    +0.923  +0.001
                         :        DRjet12m:  -0.026   -0.079   -0.011  -0.002    +0.069  +0.334    -0.002    -0.001      +0.769          +0.455  +0.079  +0.304  +0.329  +0.317  +0.227  +0.104  +0.048  +0.003  -0.086   +0.138    +0.009  +0.122    -0.125     -0.140     +0.133   +0.393    +0.001  +0.344    +0.055     -0.045     -0.028   +0.399    -0.004  +0.367    +0.108     -0.032     -0.091   +0.093    -0.013  +0.075    +0.069     +0.107     -0.116    +0.307     -0.008   +1.000    +0.552    +0.259     -0.010   +0.307    +0.251     -0.003   +0.281   +0.189    +0.018  +0.093   +0.258    -0.007  +0.621
                         :       DRjet12DR:  -0.188   -0.078   -0.072  -0.015    -0.157  +0.661    +0.006    +0.010      +0.338          -0.169  -0.061  -0.201  -0.201  -0.212  -0.200  +0.042  +0.003  +0.009  +0.046   -0.191    +0.007  -0.154    -0.117     -0.114     +0.124   -0.157    +0.006  -0.134    +0.090     +0.040     -0.095   -0.177    -0.007  -0.142    +0.149     +0.071     -0.149   +0.006    -0.008  +0.007    +0.137     +0.221     -0.219    -0.483     -0.005   +0.552    +1.000    -0.171     -0.010   +0.034    -0.151     -0.001   +0.036   -0.311    +0.012  -0.079   -0.384    -0.008  +0.221
                         :       DRjet23pt:  +0.203   +0.033   +0.107  +0.002    +0.302  -0.232    +0.011    +0.008      +0.273          +0.585  +0.250  +0.604  +0.620  +0.575  +0.488  -0.104  -0.070  -0.006  -0.007   +0.415    -0.006  +0.345    -0.053     -0.070     +0.051   +0.057    +0.004  +0.040    -0.035     -0.009     +0.035   +0.700    -0.003  +0.603    -0.020     -0.095     +0.054   +0.590    -0.006  +0.493    -0.003     -0.024     +0.032    +0.522     +0.001   +0.259    -0.171    +1.000     -0.008   +0.278    +0.438     -0.003   +0.199   +0.640    -0.004  +0.241   +0.795    -0.003  +0.318
                         :      DRjet23eta:  -0.013   +0.006   +0.003  +0.003    -0.005  -0.014    -0.266    +0.006      -0.012          +0.002  -0.008  -0.001  -0.005  -0.006  -0.010  -0.001  -0.007  +0.007  +0.020   -0.011    +0.141  -0.006    -0.007     -0.005     +0.015   -0.008    +0.618  -0.005    +0.011     +0.009     -0.013   +0.013    +0.841  +0.012    +0.008     +0.011     -0.016   +0.004    +0.835  -0.004    +0.011     +0.015     -0.008    +0.005     +0.815   -0.010    -0.010    -0.008     +1.000   +0.018    -0.010     +0.797   +0.007   -0.017    +0.220  -0.011   -0.012    +0.921  +0.010
                         :        DRjet23m:  -0.073   -0.060   -0.048  +0.004    +0.082  +0.009    +0.003    +0.004      +0.329          +0.386  +0.122  +0.320  +0.342  +0.304  +0.214  -0.039  -0.018  +0.014  +0.022   +0.117    +0.010  +0.106    -0.058     -0.071     +0.058   +0.048    +0.002  +0.045    +0.022     -0.003     -0.006   +0.447    -0.003  +0.412    +0.065     -0.035     -0.030   +0.477    +0.019  +0.425    +0.042     +0.032     -0.078    +0.301     -0.002   +0.307    +0.034    +0.278     +0.018   +1.000    +0.236     +0.012   +0.438   +0.173    +0.005  +0.088   +0.231    +0.013  +0.815
                         :       DRjet31pt:  +0.211   +0.058   +0.096  +0.003    +0.279  -0.224    +0.007    -0.010      +0.265          +0.568  +0.178  +0.589  +0.601  +0.558  +0.461  -0.091  -0.050  +0.001  -0.023   +0.401    +0.008  +0.339    -0.053     -0.069     +0.054   +0.668    -0.011  +0.565    -0.042     -0.102     +0.078   +0.081    -0.009  +0.060    -0.044     -0.053     +0.046   +0.622    -0.014  +0.526    +0.002     -0.016     +0.019    +0.477     -0.012   +0.251    -0.151    +0.438     -0.010   +0.236    +1.000     -0.015   +0.257   +0.612    +0.003  +0.219   +0.770    -0.011  +0.323
                         :      DRjet31eta:  -0.012   +0.009   -0.005  -0.006    -0.007  -0.007    +0.127    +0.007      -0.007          +0.001  -0.005  -0.001  -0.006  -0.011  -0.008  -0.005  -0.005  +0.006  +0.025   -0.009    +0.140  -0.002    -0.008     -0.007     +0.016   -0.005    +0.829  -0.002    +0.022     +0.002     -0.018   +0.009    +0.625  +0.010    +0.013     +0.012     -0.015   +0.004    +0.838  -0.001    +0.009     +0.010     -0.006    +0.002     +0.803   -0.003    -0.001    -0.003     +0.797   +0.012    -0.015     +1.000   +0.017   -0.021    +0.215  -0.002   -0.012    +0.915  +0.015
                         :        DRjet31m:  -0.078   -0.057   -0.027  +0.004    +0.068  +0.018    +0.014    +0.006      +0.302          +0.314  +0.085  +0.265  +0.292  +0.273  +0.204  -0.039  +0.005  +0.014  +0.026   +0.085    +0.007  +0.081    -0.040     -0.049     +0.050   +0.388    +0.019  +0.330    +0.000     -0.058     +0.015   +0.070    +0.002  +0.072    +0.022     -0.009     -0.001   +0.437    +0.007  +0.387    +0.037     +0.042     -0.071    +0.257     +0.009   +0.281    +0.036    +0.199     +0.007   +0.438    +0.257     +0.017   +1.000   +0.150    +0.005  +0.061   +0.201    +0.015  +0.786
                         :        DRlepTpt:  +0.148   +0.035   +0.069  +0.015    +0.423  -0.290    -0.001    +0.001      +0.248          +0.608  +0.212  +0.662  +0.638  +0.535  +0.408  -0.014  -0.012  +0.010  -0.050   +0.513    +0.007  +0.397    +0.067     +0.042     -0.062   +0.418    -0.021  +0.362    -0.058     -0.072     +0.085   +0.455    -0.011  +0.394    -0.061     -0.103     +0.075   +0.368    -0.017  +0.313    -0.033     -0.080     +0.094    +0.643     -0.018   +0.189    -0.311    +0.640     -0.017   +0.173    +0.612     -0.021   +0.150   +1.000    +0.007  +0.200   +0.798    -0.019  +0.215
                         :       DRlepTeta:  -0.014   -0.008   +0.001  -0.011    +0.008  +0.008    -0.016    +0.007      +0.012          +0.008  +0.003  +0.005  -0.002  +0.001  +0.001  +0.010  +0.003  -0.008  +0.007   -0.002    +0.833  +0.002    +0.008     +0.006     -0.006   +0.009    +0.195  -0.003    -0.009     -0.011     +0.002   +0.000    +0.195  +0.001    -0.010     +0.010     +0.007   +0.005    +0.212  +0.006    +0.003     -0.012     +0.004    +0.002     +0.201   +0.018    +0.012    -0.004     +0.220   +0.005    +0.003     +0.215   +0.005   +0.007    +1.000  -0.012   -0.002    +0.220  +0.011
                         :         DRlepTm:  +0.327   +0.029   +0.135  -0.004    +0.407  -0.092    +0.017    +0.004      +0.095          +0.215  +0.273  +0.572  +0.433  +0.394  +0.378  -0.331  -0.074  +0.001  +0.019   +0.653    -0.005  +0.586    -0.279     -0.310     +0.293   +0.126    +0.004  +0.104    -0.019     -0.031     +0.037   +0.163    -0.009  +0.132    -0.011     -0.041     +0.033   +0.172    -0.008  +0.149    -0.011     +0.003     -0.014    +0.202     -0.006   +0.093    -0.079    +0.241     -0.011   +0.088    +0.219     -0.002   +0.061   +0.200    -0.012  +1.000   +0.268    -0.007  +0.104
                         :        DRhadTpt:  +0.275   +0.053   +0.121  +0.007    +0.365  -0.357    +0.006    -0.004      +0.336          +0.768  +0.235  +0.723  +0.731  +0.674  +0.562  -0.048  -0.046  -0.018  -0.071   +0.514    -0.001  +0.426    -0.022     -0.043     +0.020   +0.530    -0.009  +0.450    -0.063     -0.085     +0.089   +0.567    -0.006  +0.486    -0.069     -0.112     +0.091   +0.462    -0.011  +0.382    -0.049     -0.095     +0.102    +0.810     -0.009   +0.258    -0.384    +0.795     -0.012   +0.231    +0.770     -0.012   +0.201   +0.798    -0.002  +0.268   +1.000    -0.012  +0.291
                         :       DRhadTeta:  -0.013   +0.007   +0.002  -0.006    -0.006  -0.011    -0.060    +0.008      -0.009          +0.004  -0.007  +0.002  -0.002  -0.007  -0.013  -0.004  -0.007  +0.009  +0.024   -0.010    +0.127  -0.004    -0.008     -0.005     +0.015   -0.005    +0.801  -0.002    +0.020     +0.005     -0.020   +0.012    +0.816  +0.012    +0.012     +0.008     -0.014   +0.008    +0.806  +0.001    +0.010     +0.014     -0.009    +0.005     +0.923   -0.007    -0.008    -0.003     +0.921   +0.013    -0.011     +0.915   +0.015   -0.019    +0.220  -0.007   -0.012    +1.000  +0.013
