DataSetInfo              : [keras5_Hct11] : Added class "Signal"
                         : Add Tree tmva_tree of type Signal with 27856 events
                         : Add Tree tmva_tree of type Signal with 16532 events
DataSetInfo              : [keras5_Hct11] : Added class "Background"
                         : Add Tree tmva_tree of type Background with 3727 events
                         : Add Tree tmva_tree of type Background with 4880 events
                         : Add Tree tmva_tree of type Background with 6104 events
                         : Add Tree tmva_tree of type Background with 4831 events
                         : Add Tree tmva_tree of type Background with 46182 events
                         : Add Tree tmva_tree of type Background with 64428 events
                         : Add Tree tmva_tree of type Background with 19414 events
                         : Add Tree tmva_tree of type Background with 197299 events
                         : Add Tree tmva_tree of type Background with 278296 events
Factory                  : Booking method: [1mBDT[0m
                         : 
DataSetFactory           : [keras5_Hct11] : Number of events in input trees
                         : Dataset[keras5_Hct11] :     Signal     requirement: "missingET > 0 && cjetPt > 0 && jet1csv > 0 &&  jet2csv > 0 &&  jet3csv > 0 && jet4csv > 0 && DRlepWpt > 0 && DRjet0csv > 0 && DRjet1csv > 0 && DRjet2csv > 0 && DRjet3csv > 0"
                         : Dataset[keras5_Hct11] :     Signal          -- number of events passed: 43810  / sum of weights: 4352.69
                         : Dataset[keras5_Hct11] :     Signal          -- efficiency             : 0.986327
                         : Dataset[keras5_Hct11] :     Background requirement: "missingET > 0 && cjetPt > 0 && jet1csv > 0 &&  jet2csv > 0 &&  jet3csv > 0 && jet4csv > 0 && DRlepWpt > 0 && DRjet0csv > 0 && DRjet1csv > 0 && DRjet2csv > 0 && DRjet3csv > 0"
                         : Dataset[keras5_Hct11] :     Background      -- number of events passed: 606677  / sum of weights: 54229.2
                         : Dataset[keras5_Hct11] :     Background      -- efficiency             : 0.970623
                         : Dataset[keras5_Hct11] :  you have opted for interpreting the requested number of training/testing events
                         :  to be the number of events AFTER your preselection cuts
                         : 
                         : Dataset[keras5_Hct11] :  you have opted for interpreting the requested number of training/testing events
                         :  to be the number of events AFTER your preselection cuts
                         : 
                         : Number of training and testing events
                         : ---------------------------------------------------------------------------
                         : Signal     -- training events            : 30000
                         : Signal     -- testing events             : 13810
                         : Signal     -- training and testing events: 43810
                         : Dataset[keras5_Hct11] : Signal     -- due to the preselection a scaling factor has been applied to the numbers of requested events: 0.986978
                         : Background -- training events            : 440000
                         : Background -- testing events             : 166677
                         : Background -- training and testing events: 606677
                         : Dataset[keras5_Hct11] : Background -- due to the preselection a scaling factor has been applied to the numbers of requested events: 0.970433
                         : 
DataSetInfo              : Correlation matrix (Signal):
                         : ------------------------------------------------------------------------------------------------------------------------------------------------------------------------------------------------------------------------------------------------------------------------------------------------------------------------------------------------------------------------------------------------------------------------------------------------------------------------------------------------------------------------------------------------------------------------------------------------------------------------------------------------------------------------------------------------------------------------------------------------------------------------------------------------------------------------------------------------------------------
                         :                 njets nbjets_m ncjets_m missingET  jet1pt jet1eta   jet1m jet1csv jet1cvsl jet1cvsb  jet2pt jet2eta   jet2m jet2csv jet2cvsl jet2cvsb  jet3pt jet3eta   jet3m jet3csv jet3cvsl jet3cvsb  jet4pt jet4eta   jet4m jet4csv jet4cvsl jet4cvsb DRlepWpt DRlepWeta DRlepWdeta DRlepWdphi DRlepWm DRjet0pt DRjet0eta DRjet0m DRjet0csv DRjet0cvsl DRjet0cvsb DRjet1pt DRjet1eta DRjet1m DRjet1csv DRjet1cvsl DRjet1cvsb DRjet2pt DRjet2eta DRjet2m DRjet2csv DRjet2cvsl DRjet2cvsb DRjet3pt DRjet3eta DRjet3m DRjet3csv DRjet3cvsl DRjet3cvsb DRjet12pt DRjet12eta DRjet12deta DRjet12dphi DRjet12m DRjet12DR DRjet23pt DRjet23eta DRjet23deta DRjet23dphi DRjet23m DRjet31pt DRjet31eta DRjet31deta DRjet31dphi DRjet31m DRlepTpt DRlepTeta DRlepTdeta DRlepTdphi DRlepTm DRhadTpt DRhadTeta DRhadTHbdeta DRhadTWbdeta DRhadTHbdphi DRhadTWbdphi DRhadTm
                         :        njets:  +1.000   +0.117   +0.391    +0.117  +0.300  -0.002  +0.254  -0.282   -0.281   +0.259  +0.312  +0.002  +0.247  -0.202   -0.208   +0.177  +0.391  +0.002  +0.262  -0.174   -0.174   +0.149  +0.510  +0.001  +0.294  -0.141   -0.132   +0.118   +0.138    +0.001     -0.002     +0.000  +0.041   +0.360    -0.006  +0.360    -0.283     -0.281     +0.268   +0.104    -0.002  +0.096    -0.051     -0.030     +0.051   +0.099    +0.004  +0.085    -0.086     -0.054     +0.074   +0.077    -0.001  +0.079    -0.160     -0.164     +0.146    +0.189     +0.003      -0.009      +0.010   -0.017    -0.182    +0.206     -0.000      +0.006      +0.003   -0.071    +0.207     -0.001      -0.008      +0.012   -0.066   +0.155    -0.001     +0.000     -0.003  +0.333   +0.277    +0.001       +0.001       +0.001       +0.013       -0.006  -0.071
                         :     nbjets_m:  +0.117   +1.000   -0.025    +0.026  +0.022  +0.002  +0.016  +0.059   +0.049   -0.038  +0.034  +0.005  +0.025  +0.079   +0.066   -0.054  +0.044  +0.009  +0.012  +0.093   +0.080   -0.060  +0.061  +0.004  +0.019  +0.110   +0.102   -0.084   +0.019    +0.006     +0.011     -0.003  +0.008   +0.042    +0.003  +0.042    +0.104     +0.090     -0.085   -0.001    +0.009  -0.007    -0.001     -0.010     +0.012   -0.007    +0.006  -0.012    +0.023     +0.002     +0.009   +0.018    +0.010  +0.010    +0.222     +0.194     -0.171    +0.006     +0.008      +0.005      +0.004   -0.063    -0.064    +0.038     +0.007      -0.002      +0.004   -0.052    +0.046     +0.012      -0.001      +0.005   -0.057   +0.031    +0.005     -0.000     -0.002  +0.027   +0.049    +0.009       +0.005       +0.002       +0.009       -0.007  -0.072
                         :     ncjets_m:  +0.391   -0.025   +1.000    +0.044  +0.123  -0.001  +0.119  -0.093   -0.062   +0.178  +0.127  +0.003  +0.114  -0.068   -0.037   +0.149  +0.164  -0.004  +0.119  -0.042   -0.007   +0.134  +0.213  -0.000  +0.140  +0.001   +0.035   +0.092   +0.060    +0.004     +0.001     -0.009  +0.020   +0.157    -0.004  +0.171    -0.066     -0.031     +0.152   +0.033    -0.002  +0.027    -0.099     -0.029     +0.100   +0.035    +0.006  +0.023    -0.142     -0.062     +0.215   +0.036    +0.002  +0.027    +0.027     +0.104     +0.160    +0.067     +0.003      -0.011      +0.005   -0.011    -0.071    +0.088     +0.000      +0.009      -0.004   -0.040    +0.079     -0.002      -0.013      +0.001   -0.025   +0.065    +0.001     +0.002     -0.006  +0.157   +0.108    +0.001       +0.001       +0.007       +0.002       -0.003  -0.034
                         :    missingET:  +0.117   +0.026   +0.044    +1.000  +0.337  +0.008  +0.238  -0.082   -0.100   +0.097  +0.228  -0.002  +0.134  -0.034   -0.047   +0.043  +0.213  -0.002  +0.120  -0.000   -0.010   +0.001  +0.177  +0.001  +0.088  -0.002   -0.007   +0.002   +0.725    +0.003     +0.003     -0.000  +0.334   +0.192    +0.005  +0.173    -0.047     -0.053     +0.047   +0.186    +0.009  +0.168    -0.033     -0.035     +0.042   +0.208    -0.001  +0.192    -0.029     -0.049     +0.038   +0.189    +0.002  +0.167    -0.027     -0.040     +0.035    +0.292     +0.005      +0.008      +0.005   +0.069    -0.149    +0.302     +0.001      -0.008      +0.007   +0.075    +0.284     +0.006      +0.006      +0.006   +0.067   +0.422    +0.002     -0.003     +0.002  +0.400   +0.367    +0.004       +0.003       -0.006       +0.006       -0.002  +0.091
                         :       jet1pt:  +0.300   +0.022   +0.123    +0.337  +1.000  +0.003  +0.695  -0.203   -0.251   +0.210  +0.792  +0.008  +0.490  -0.042   -0.077   +0.054  +0.637  -0.003  +0.361  -0.030   -0.046   +0.026  +0.519  -0.001  +0.273  -0.020   -0.023   +0.013   +0.418    +0.002     +0.002     -0.004  +0.133   +0.842    -0.001  +0.699    -0.166     -0.198     +0.160   +0.452    +0.009  +0.390    -0.042     -0.084     +0.073   +0.499    +0.004  +0.435    -0.026     -0.087     +0.047   +0.416    +0.006  +0.360    -0.010     -0.026     +0.007    +0.647     +0.008      -0.003      +0.003   +0.298    -0.203    +0.609     +0.004      -0.002      +0.002   +0.289    +0.575     +0.009      +0.002      +0.003   +0.272   +0.668    -0.000     -0.001     -0.004  +0.574   +0.723    +0.009       +0.005       +0.001       +0.003       +0.003  +0.376
                         :      jet1eta:  -0.002   +0.002   -0.001    +0.008  +0.003  +1.000  -0.003  +0.009   +0.006   -0.007  +0.000  +0.282  -0.003  +0.002   +0.001   -0.000  +0.010  +0.284  +0.004  -0.000   +0.003   +0.001  +0.006  +0.266  -0.004  +0.004   +0.001   -0.005   +0.005    +0.314     +0.300     -0.014  +0.004   -0.002    +0.519  -0.001    -0.000     -0.002     +0.001   +0.008    +0.458  +0.004    +0.007     -0.004     -0.008   +0.009    +0.466  +0.006    +0.007     +0.004     +0.002   +0.004    +0.457  +0.006    +0.009     +0.011     -0.007    +0.009     +0.523      -0.029      -0.001   +0.009    -0.003    +0.006     +0.518      +0.017      +0.001   +0.006    +0.003     +0.516      -0.019      +0.003   +0.012   +0.002    +0.583     -0.301     -0.010  -0.002   +0.005    +0.559       +0.265       +0.274       +0.003       -0.004  +0.012
                         :        jet1m:  +0.254   +0.016   +0.119    +0.238  +0.695  -0.003  +1.000  -0.257   -0.298   +0.273  +0.540  +0.003  +0.358  -0.016   -0.041   +0.024  +0.449  -0.004  +0.286  -0.006   -0.019   +0.003  +0.385  +0.001  +0.239  +0.007   +0.006   -0.009   +0.278    -0.001     +0.001     -0.005  +0.112   +0.632    -0.010  +0.520    -0.181     -0.210     +0.189   +0.264    +0.013  +0.233    -0.037     -0.056     +0.053   +0.302    +0.006  +0.268    -0.026     -0.070     +0.034   +0.286    +0.007  +0.246    +0.009     -0.003     -0.008    +0.382     +0.012      +0.002      +0.001   +0.199    -0.106    +0.387     +0.007      +0.002      -0.005   +0.203    +0.363     +0.013      +0.003      -0.002   +0.194   +0.416    -0.007     +0.009     +0.007  +0.618   +0.445    +0.013       +0.010       +0.000       -0.005       +0.004  +0.264
                         :      jet1csv:  -0.282   +0.059   -0.093    -0.082  -0.203  +0.009  -0.257  +1.000   +0.894   -0.854  -0.171  -0.001  -0.093  -0.101   -0.084   +0.090  -0.194  -0.003  -0.101  -0.118   -0.102   +0.118  -0.225  -0.002  -0.114  -0.146   -0.145   +0.139   -0.098    +0.002     +0.005     -0.003  -0.028   -0.302    +0.006  -0.277    +0.452     +0.410     -0.386   +0.088    -0.008  +0.073    +0.043     -0.013     -0.029   +0.069    +0.002  +0.060    +0.060     +0.009     -0.042   -0.227    +0.005  -0.192    +0.073     +0.054     -0.044    +0.077     -0.003      -0.003      -0.005   +0.094    +0.035    -0.113     +0.006      +0.001      +0.001   -0.031    -0.109     -0.000      -0.007      -0.003   -0.033   -0.034    +0.007     -0.005     +0.006  -0.336   -0.064    +0.002       -0.006       +0.010       +0.002       +0.001  +0.002
                         :     jet1cvsl:  -0.281   +0.049   -0.062    -0.100  -0.251  +0.006  -0.298  +0.894   +1.000   -0.783  -0.210  +0.003  -0.124  -0.089   -0.067   +0.076  -0.222  -0.004  -0.120  -0.102   -0.084   +0.102  -0.244  +0.000  -0.126  -0.125   -0.123   +0.119   -0.120    +0.002     +0.003     -0.003  -0.034   -0.330    +0.003  -0.292    +0.410     +0.455     -0.361   +0.042    -0.008  +0.029    +0.035     +0.088     -0.030   +0.028    +0.005  +0.021    +0.050     +0.111     -0.045   -0.232    +0.006  -0.197    +0.059     +0.085     -0.038    +0.022     -0.001      -0.009      -0.003   +0.058    +0.045    -0.143     +0.007      +0.001      +0.000   -0.047    -0.140     +0.000      -0.009      -0.004   -0.052   -0.076    +0.005     -0.001     +0.005  -0.350   -0.109    +0.003       -0.007       +0.014       +0.001       -0.003  -0.028
                         :     jet1cvsb:  +0.259   -0.038   +0.178    +0.097  +0.210  -0.007  +0.273  -0.854   -0.783   +1.000  +0.178  +0.002  +0.105  +0.093   +0.074   -0.083  +0.193  +0.003  +0.102  +0.108   +0.091   -0.110  +0.216  +0.004  +0.113  +0.138   +0.136   -0.131   +0.125    -0.003     -0.007     -0.001  +0.037   +0.282    -0.007  +0.270    -0.369     -0.345     +0.411   -0.111    +0.007  -0.082    -0.119     -0.009     +0.133   -0.004    +0.001  +0.003    -0.139     -0.054     +0.171   +0.244    -0.001  +0.213    -0.035     -0.029     +0.066    -0.045     +0.004      -0.000      +0.009   -0.088    -0.045    +0.168     -0.000      +0.002      -0.002   +0.060    +0.104     +0.002      +0.004      +0.000   +0.029   +0.066    -0.004     +0.008     -0.004  +0.322   +0.097    +0.001       +0.006       -0.003       -0.003       -0.001  +0.012
                         :       jet2pt:  +0.312   +0.034   +0.127    +0.228  +0.792  +0.000  +0.540  -0.171   -0.210   +0.178  +1.000  +0.010  +0.638  -0.049   -0.089   +0.061  +0.759  -0.004  +0.441  -0.033   -0.050   +0.030  +0.590  -0.001  +0.316  -0.031   -0.034   +0.024   +0.282    +0.004     +0.005     -0.007  +0.105   +0.763    -0.003  +0.644    -0.131     -0.161     +0.128   +0.475    +0.008  +0.396    -0.040     -0.086     +0.074   +0.507    +0.004  +0.428    -0.025     -0.083     +0.042   +0.435    +0.008  +0.371    -0.021     -0.033     +0.021    +0.655     +0.007      -0.003      +0.002   +0.334    -0.201    +0.614     +0.005      -0.003      -0.002   +0.312    +0.592     +0.011      -0.002      +0.002   +0.296   +0.645    +0.001     -0.000     +0.000  +0.450   +0.730    +0.009       +0.002       +0.001       +0.003       +0.004  +0.408
                         :      jet2eta:  +0.002   +0.005   +0.003    -0.002  +0.008  +0.282  +0.003  -0.001   +0.003   +0.002  +0.010  +1.000  +0.001  -0.005   +0.000   -0.000  +0.007  +0.294  +0.001  +0.008   +0.008   -0.003  -0.006  +0.284  -0.001  +0.009   +0.007   -0.002   -0.001    +0.292     +0.301     +0.005  -0.002   +0.002    +0.392  +0.001    +0.004     +0.006     -0.002   +0.004    +0.487  +0.001    +0.001     -0.002     -0.001   +0.009    +0.496  +0.005    -0.002     +0.004     +0.001   +0.009    +0.499  +0.011    +0.007     +0.009     -0.004    +0.009     +0.551      -0.031      -0.015   +0.005    -0.006    +0.009     +0.545      -0.005      +0.003   +0.002    +0.007     +0.547      -0.037      -0.005   +0.006   +0.005    +0.398     -0.197     -0.006  -0.001   +0.008    +0.580       +0.275       +0.303       +0.000       +0.008  +0.007
                         :        jet2m:  +0.247   +0.025   +0.114    +0.134  +0.490  -0.003  +0.358  -0.093   -0.124   +0.105  +0.638  +0.001  +1.000  -0.136   -0.168   +0.146  +0.495  -0.004  +0.352  -0.006   -0.021   +0.009  +0.401  -0.002  +0.264  -0.004   -0.007   +0.001   +0.162    +0.010     +0.006     -0.010  +0.099   +0.473    +0.001  +0.415    -0.112     -0.136     +0.120   +0.281    +0.002  +0.239    -0.045     -0.057     +0.057   +0.316    -0.001  +0.272    -0.037     -0.082     +0.035   +0.283    +0.002  +0.241    -0.003     -0.016     +0.006    +0.393     -0.000      +0.003      +0.005   +0.228    -0.094    +0.386     +0.000      +0.000      -0.013   +0.233    +0.359     +0.001      -0.001      +0.008   +0.227   +0.384    +0.006     +0.000     -0.004  +0.366   +0.443    +0.001       +0.005       -0.002       +0.001       -0.001  +0.304
                         :      jet2csv:  -0.202   +0.079   -0.068    -0.034  -0.042  +0.002  -0.016  -0.101   -0.089   +0.093  -0.049  -0.005  -0.136  +1.000   +0.900   -0.851  -0.091  -0.006  -0.048  -0.147   -0.135   +0.145  -0.131  -0.007  -0.050  -0.176   -0.169   +0.169   -0.044    -0.000     +0.000     +0.002  -0.015   -0.036    +0.003  -0.048    +0.211     +0.183     -0.182   +0.037    +0.003  +0.023    +0.051     +0.001     -0.035   +0.018    -0.012  +0.010    +0.059     +0.021     -0.043   -0.114    -0.009  -0.104    +0.132     +0.104     -0.088    +0.016     -0.006      +0.016      -0.001   +0.053    +0.011    -0.064     -0.011      -0.003      +0.005   -0.022    -0.056     -0.003      +0.013      -0.002   -0.019   -0.018    +0.003     -0.002     -0.019  -0.074   -0.046    -0.008       +0.000       -0.015       +0.002       -0.000  -0.002
                         :     jet2cvsl:  -0.208   +0.066   -0.037    -0.047  -0.077  +0.001  -0.041  -0.084   -0.067   +0.074  -0.089  +0.000  -0.168  +0.900   +1.000   -0.778  -0.117  +0.001  -0.068  -0.132   -0.117   +0.130  -0.146  -0.009  -0.062  -0.158   -0.152   +0.151   -0.061    -0.000     -0.000     +0.005  -0.020   -0.067    +0.004  -0.082    +0.198     +0.226     -0.178   +0.007    +0.004  -0.007    +0.045     +0.088     -0.040   -0.009    -0.010  -0.018    +0.050     +0.107     -0.046   -0.118    -0.005  -0.115    +0.118     +0.144     -0.079    -0.022     -0.006      +0.016      +0.001   +0.030    +0.021    -0.085     -0.008      -0.006      +0.006   -0.038    -0.079     +0.002      +0.007      -0.005   -0.033   -0.046    +0.003     -0.004     -0.020  -0.093   -0.078    -0.005       -0.004       -0.010       -0.002       +0.001  -0.025
                         :     jet2cvsb:  +0.177   -0.054   +0.149    +0.043  +0.054  -0.000  +0.024  +0.090   +0.076   -0.083  +0.061  -0.000  +0.146  -0.851   -0.778   +1.000  +0.093  +0.006  +0.051  +0.136   +0.122   -0.136  +0.125  +0.006  +0.050  +0.169   +0.162   -0.164   +0.052    +0.002     +0.002     -0.000  +0.016   +0.047    +0.000  +0.060    -0.168     -0.153     +0.213   -0.039    -0.004  -0.022    -0.129     -0.021     +0.144   +0.003    +0.010  +0.009    -0.143     -0.058     +0.173   +0.115    +0.006  +0.103    -0.073     -0.057     +0.107    +0.000     +0.004      -0.012      -0.002   -0.054    -0.024    +0.081     +0.009      +0.002      -0.005   +0.024    +0.056     +0.001      -0.011      +0.003   +0.014   +0.033    +0.001     -0.000     +0.019  +0.078   +0.060    +0.005       +0.001       +0.012       +0.000       -0.001  +0.001
                         :       jet3pt:  +0.391   +0.044   +0.164    +0.213  +0.637  +0.010  +0.449  -0.194   -0.222   +0.193  +0.759  +0.007  +0.495  -0.091   -0.117   +0.093  +1.000  +0.001  +0.581  -0.041   -0.057   +0.037  +0.765  +0.005  +0.410  -0.032   -0.031   +0.023   +0.262    +0.008     +0.005     +0.003  +0.098   +0.642    -0.003  +0.544    -0.151     -0.171     +0.143   +0.435    +0.006  +0.354    -0.036     -0.083     +0.064   +0.441    +0.011  +0.363    -0.026     -0.077     +0.041   +0.428    +0.010  +0.357    -0.041     -0.040     +0.040    +0.583     +0.010      -0.006      +0.007   +0.302    -0.216    +0.560     +0.010      +0.005      -0.005   +0.278    +0.554     +0.011      -0.005      +0.007   +0.281   +0.553    +0.005     +0.000     -0.000  +0.395   +0.668    +0.011       +0.005       +0.004       +0.002       +0.001  +0.367
                         :      jet3eta:  +0.002   +0.009   -0.004    -0.002  -0.003  +0.284  -0.004  -0.003   -0.004   +0.003  -0.004  +0.294  -0.004  -0.006   +0.001   +0.006  +0.001  +1.000  -0.002  +0.009   +0.009   -0.010  -0.006  +0.269  -0.003  +0.002   +0.000   -0.003   -0.004    +0.238     +0.259     -0.001  +0.001   -0.003    +0.320  +0.004    -0.002     -0.003     +0.006   +0.001    +0.489  +0.002    +0.015     +0.003     -0.007   -0.009    +0.496  -0.005    +0.011     +0.021     -0.008   +0.001    +0.510  +0.004    +0.004     +0.006     -0.006    -0.002     +0.532      -0.023      +0.006   -0.008    -0.008    -0.006     +0.541      -0.010      -0.002   -0.002    +0.002     +0.538      -0.033      +0.007   -0.003   -0.005    +0.306     -0.121     -0.003  -0.005   -0.003    +0.554       +0.273       +0.302       +0.003       -0.012  -0.007
                         :        jet3m:  +0.262   +0.012   +0.119    +0.120  +0.361  +0.004  +0.286  -0.101   -0.120   +0.102  +0.441  +0.001  +0.352  -0.048   -0.068   +0.051  +0.581  -0.002  +1.000  -0.116   -0.136   +0.122  +0.459  -0.004  +0.301  -0.001   -0.006   -0.000   +0.149    +0.006     +0.006     +0.004  +0.087   +0.355    -0.014  +0.299    -0.100     -0.117     +0.095   +0.251    -0.000  +0.216    -0.049     -0.065     +0.057   +0.254    +0.007  +0.214    -0.034     -0.071     +0.036   +0.249    +0.003  +0.216    -0.014     -0.023     +0.017    +0.325     +0.002      -0.008      +0.008   +0.226    -0.069    +0.314     +0.003      +0.004      -0.008   +0.207    +0.314     +0.003      -0.010      -0.002   +0.203   +0.300    -0.007     +0.013     +0.003  +0.271   +0.368    +0.004       -0.004       +0.006       -0.004       +0.004  +0.274
                         :      jet3csv:  -0.174   +0.093   -0.042    -0.000  -0.030  -0.000  -0.006  -0.118   -0.102   +0.108  -0.033  +0.008  -0.006  -0.147   -0.132   +0.136  -0.041  +0.009  -0.116  +1.000   +0.914   -0.858  -0.082  +0.007  -0.020  -0.201   -0.190   +0.198   -0.001    +0.002     -0.000     -0.007  +0.007   -0.015    +0.011  -0.021    +0.074     +0.068     -0.059   -0.027    +0.006  -0.025    +0.049     +0.010     -0.034   -0.017    +0.003  -0.010    +0.057     +0.025     -0.046   +0.011    +0.003  -0.001    +0.160     +0.134     -0.106    -0.041     +0.004      -0.001      -0.006   -0.001    +0.009    -0.011     +0.005      -0.001      -0.002   +0.008    -0.015     +0.008      +0.010      -0.013   +0.002   +0.001    +0.004     -0.012     +0.011  -0.016   -0.027    +0.004       +0.007       -0.001       -0.006       +0.008  +0.002
                         :     jet3cvsl:  -0.174   +0.080   -0.007    -0.010  -0.046  +0.003  -0.019  -0.102   -0.084   +0.091  -0.050  +0.008  -0.021  -0.135   -0.117   +0.122  -0.057  +0.009  -0.136  +0.914   +1.000   -0.792  -0.092  +0.012  -0.028  -0.188   -0.176   +0.185   -0.011    +0.002     -0.001     -0.007  +0.004   -0.029    +0.012  -0.037    +0.074     +0.098     -0.064   -0.037    +0.006  -0.039    +0.043     +0.082     -0.036   -0.028    +0.006  -0.024    +0.050     +0.098     -0.046   -0.002    +0.005  -0.022    +0.137     +0.174     -0.087    -0.056     +0.004      -0.005      -0.008   -0.010    +0.016    -0.024     +0.007      +0.003      +0.001   -0.005    -0.028     +0.007      +0.006      -0.013   -0.011   -0.013    +0.005     -0.013     +0.009  -0.028   -0.043    +0.004       +0.006       +0.006       -0.005       +0.010  -0.014
                         :     jet3cvsb:  +0.149   -0.060   +0.134    +0.001  +0.026  +0.001  +0.003  +0.118   +0.102   -0.110  +0.030  -0.003  +0.009  +0.145   +0.130   -0.136  +0.037  -0.010  +0.122  -0.858   -0.792   +1.000  +0.072  -0.010  +0.019  +0.195   +0.183   -0.195   -0.001    +0.002     +0.002     +0.005  -0.006   +0.016    -0.009  +0.016    -0.044     -0.043     +0.074   +0.044    -0.004  +0.042    -0.126     -0.035     +0.135   +0.002    -0.002  -0.003    -0.141     -0.050     +0.168   -0.018    -0.005  -0.010    -0.086     -0.070     +0.122    +0.041     -0.003      +0.001      +0.008   -0.002    -0.015    -0.002     -0.006      +0.004      -0.002   -0.018    +0.022     -0.007      -0.004      +0.010   -0.001   +0.003    -0.000     +0.011     -0.012  +0.012   +0.026    -0.004       -0.002       -0.004       +0.006       -0.009  -0.007
                         :       jet4pt:  +0.510   +0.061   +0.213    +0.177  +0.519  +0.006  +0.385  -0.225   -0.244   +0.216  +0.590  -0.006  +0.401  -0.131   -0.146   +0.125  +0.765  -0.006  +0.459  -0.082   -0.092   +0.072  +1.000  +0.007  +0.541  -0.029   -0.020   +0.012   +0.219    +0.004     +0.001     -0.001  +0.079   +0.549    -0.006  +0.481    -0.188     -0.202     +0.176   +0.331    -0.004  +0.269    -0.028     -0.060     +0.046   +0.339    +0.002  +0.276    -0.029     -0.063     +0.041   +0.362    -0.000  +0.308    -0.065     -0.052     +0.061    +0.457     -0.000      -0.008      +0.005   +0.222    -0.208    +0.468     +0.000      +0.005      +0.000   +0.202    +0.457     +0.000      -0.004      +0.008   +0.209   +0.428    +0.002     +0.000     -0.007  +0.374   +0.558    +0.000       -0.001       -0.001       +0.009       +0.002  +0.263
                         :      jet4eta:  +0.001   +0.004   -0.000    +0.001  -0.001  +0.266  +0.001  -0.002   +0.000   +0.004  -0.001  +0.284  -0.002  -0.007   -0.009   +0.006  +0.005  +0.269  -0.004  +0.007   +0.012   -0.010  +0.007  +1.000  +0.009  +0.004   +0.002   -0.002   +0.008    +0.206     +0.220     -0.004  -0.000   -0.003    +0.278  -0.000    -0.002     -0.002     +0.008   -0.006    +0.470  -0.004    +0.008     +0.016     -0.005   +0.005    +0.476  +0.004    +0.010     +0.007     -0.002   +0.008    +0.510  +0.009    +0.004     +0.003     -0.006    -0.003     +0.490      -0.023      -0.011   +0.001    -0.002    +0.008     +0.502      -0.020      +0.003   +0.004    +0.002     +0.504      -0.042      +0.006   +0.001   -0.005    +0.249     -0.092     -0.007  +0.004   +0.002    +0.514       +0.253       +0.292       -0.003       +0.008  +0.002
                         :        jet4m:  +0.294   +0.019   +0.140    +0.088  +0.273  -0.004  +0.239  -0.114   -0.126   +0.113  +0.316  -0.001  +0.264  -0.050   -0.062   +0.050  +0.410  -0.003  +0.301  -0.020   -0.028   +0.019  +0.541  +0.009  +1.000  -0.099   -0.099   +0.092   +0.114    -0.000     +0.002     -0.006  +0.061   +0.274    -0.006  +0.237    -0.104     -0.115     +0.102   +0.192    -0.002  +0.161    -0.036     -0.055     +0.042   +0.191    -0.000  +0.158    -0.026     -0.054     +0.028   +0.203    -0.003  +0.171    -0.024     -0.020     +0.023    +0.246     -0.001      -0.009      +0.001   +0.180    -0.065    +0.253     -0.004      +0.002      +0.000   +0.156    +0.242     -0.002      -0.004      -0.001   +0.179   +0.221    -0.002     +0.002     -0.004  +0.219   +0.291    -0.001       -0.007       +0.004       +0.000       +0.004  +0.217
                         :      jet4csv:  -0.141   +0.110   +0.001    -0.002  -0.020  +0.004  +0.007  -0.146   -0.125   +0.138  -0.031  +0.009  -0.004  -0.176   -0.158   +0.169  -0.032  +0.002  -0.001  -0.201   -0.188   +0.195  -0.029  +0.004  -0.099  +1.000   +0.923   -0.861   -0.004    -0.010     -0.010     -0.001  -0.011   +0.002    -0.003  +0.005    -0.023     -0.013     +0.038   -0.104    +0.013  -0.088    +0.040     +0.031     -0.032   -0.079    +0.008  -0.075    +0.047     +0.023     -0.028   +0.129    +0.017  +0.106    +0.179     +0.167     -0.120    -0.117     +0.014      +0.002      -0.002   -0.068    +0.057    +0.008     +0.011      -0.008      -0.005   +0.032    -0.001     +0.015      -0.003      +0.005   +0.027   -0.041    -0.005     +0.000     +0.007  +0.029   -0.055    +0.013       +0.003       +0.007       -0.001       -0.004  +0.008
                         :     jet4cvsl:  -0.132   +0.102   +0.035    -0.007  -0.023  +0.001  +0.006  -0.145   -0.123   +0.136  -0.034  +0.007  -0.007  -0.169   -0.152   +0.162  -0.031  +0.000  -0.006  -0.190   -0.176   +0.183  -0.020  +0.002  -0.099  +0.923   +1.000   -0.807   -0.008    -0.012     -0.012     -0.003  -0.012   +0.005    -0.002  +0.003    -0.028     +0.000     +0.040   -0.104    +0.008  -0.094    +0.037     +0.077     -0.036   -0.079    +0.003  -0.080    +0.041     +0.094     -0.031   +0.121    +0.013  +0.093    +0.151     +0.201     -0.097    -0.117     +0.009      +0.001      -0.002   -0.070    +0.055    +0.006     +0.007      -0.009      -0.005   +0.024    -0.006     +0.010      -0.006      +0.004   +0.024   -0.041    -0.005     -0.003     +0.005  +0.027   -0.057    +0.008       -0.001       +0.005       -0.002       -0.001  +0.002
                         :     jet4cvsb:  +0.118   -0.084   +0.092    +0.002  +0.013  -0.005  -0.009  +0.139   +0.119   -0.131  +0.024  -0.002  +0.001  +0.169   +0.151   -0.164  +0.023  -0.003  -0.000  +0.198   +0.185   -0.195  +0.012  -0.002  +0.092  -0.861   -0.807   +1.000   +0.001    +0.005     +0.006     -0.004  +0.014   -0.003    +0.003  -0.007    +0.035     +0.024     -0.018   +0.135    -0.011  +0.114    -0.113     -0.058     +0.126   +0.041    -0.003  +0.043    -0.128     -0.051     +0.150   -0.145    -0.012  -0.123    -0.102     -0.100     +0.140    +0.109     -0.010      -0.002      +0.001   +0.063    -0.060    -0.037     -0.010      +0.009      +0.003   -0.063    +0.013     -0.011      +0.002      -0.010   -0.023   +0.038    +0.005     -0.004     -0.004  -0.027   +0.045    -0.009       -0.002       -0.005       -0.002       +0.004  -0.023
                         :     DRlepWpt:  +0.138   +0.019   +0.060    +0.725  +0.418  +0.005  +0.278  -0.098   -0.120   +0.125  +0.282  -0.001  +0.162  -0.044   -0.061   +0.052  +0.262  -0.004  +0.149  -0.001   -0.011   -0.001  +0.219  +0.008  +0.114  -0.004   -0.008   +0.001   +1.000    +0.000     +0.002     +0.003  +0.209   +0.210    +0.000  +0.187    -0.046     -0.055     +0.045   +0.241    +0.007  +0.212    -0.040     -0.051     +0.057   +0.279    -0.001  +0.256    -0.037     -0.067     +0.047   +0.260    +0.001  +0.230    -0.047     -0.055     +0.059    +0.391     +0.005      +0.009      +0.007   +0.080    -0.217    +0.415     +0.001      -0.008      +0.007   +0.098    +0.388     +0.006      +0.007      +0.002   +0.080   +0.585    +0.002     +0.001     -0.000  +0.420   +0.501    +0.004       +0.002       -0.006       +0.006       +0.001  +0.113
                         :    DRlepWeta:  +0.001   +0.006   +0.004    +0.003  +0.002  +0.314  -0.001  +0.002   +0.002   -0.003  +0.004  +0.292  +0.010  -0.000   -0.000   +0.002  +0.008  +0.238  +0.006  +0.002   +0.002   +0.002  +0.004  +0.206  -0.000  -0.010   -0.012   +0.005   +0.000    +1.000     +0.814     -0.015  +0.010   +0.002    +0.257  +0.002    -0.000     -0.002     -0.004   +0.001    +0.289  -0.002    -0.008     +0.002     +0.005   +0.001    +0.294  -0.003    +0.000     -0.003     -0.000   +0.003    +0.250  +0.006    +0.005     +0.010     -0.000    -0.000     +0.328      -0.015      +0.002   +0.005    +0.003    +0.006     +0.306      +0.040      +0.002   -0.003    +0.003     +0.303      +0.022      +0.000   +0.001   -0.002    +0.560     +0.266     -0.001  +0.008   +0.003    +0.337       +0.193       +0.158       -0.005       -0.004  +0.001
                         :   DRlepWdeta:  -0.002   +0.011   +0.001    +0.003  +0.002  +0.300  +0.001  +0.005   +0.003   -0.007  +0.005  +0.301  +0.006  +0.000   -0.000   +0.002  +0.005  +0.259  +0.006  -0.000   -0.001   +0.002  +0.001  +0.220  +0.002  -0.010   -0.012   +0.006   +0.002    +0.814     +1.000     -0.008  +0.014   +0.002    +0.266  +0.002    +0.001     +0.000     -0.004   +0.003    +0.296  -0.000    -0.008     -0.001     +0.007   +0.002    +0.299  -0.003    -0.002     -0.002     +0.000   +0.001    +0.259  +0.004    +0.003     +0.006     -0.001    +0.003     +0.328      -0.014      +0.001   +0.006    +0.001    +0.005     +0.305      +0.037      +0.003   -0.006    +0.001     +0.306      +0.020      -0.001   +0.000   +0.001    +0.535     +0.251     -0.005  +0.010   +0.003    +0.333       +0.194       +0.160       -0.006       -0.001  -0.000
                         :   DRlepWdphi:  +0.000   -0.003   -0.009    -0.000  -0.004  -0.014  -0.005  -0.003   -0.003   -0.001  -0.007  +0.005  -0.010  +0.002   +0.005   -0.000  +0.003  -0.001  +0.004  -0.007   -0.007   +0.005  -0.001  -0.004  -0.006  -0.001   -0.003   -0.004   +0.003    -0.015     -0.008     +1.000  +0.002   -0.002    -0.004  +0.000    +0.009     +0.008     -0.011   -0.000    -0.007  +0.000    -0.004     -0.003     +0.002   -0.006    -0.004  -0.007    +0.000     +0.007     -0.002   -0.004    -0.001  -0.004    -0.011     -0.013     +0.011    -0.004     -0.006      -0.004      -0.004   +0.005    +0.008    -0.001     -0.005      -0.001      +0.005   -0.007    -0.002     -0.006      +0.002      +0.004   +0.002   -0.001    -0.007     -0.002     -0.067  +0.000   -0.001    -0.008       -0.002       +0.000       +0.002       +0.006  -0.002
                         :      DRlepWm:  +0.041   +0.008   +0.020    +0.334  +0.133  +0.004  +0.112  -0.028   -0.034   +0.037  +0.105  -0.002  +0.099  -0.015   -0.020   +0.016  +0.098  +0.001  +0.087  +0.007   +0.004   -0.006  +0.079  -0.000  +0.061  -0.011   -0.012   +0.014   +0.209    +0.010     +0.014     +0.002  +1.000   +0.084    -0.000  +0.074    -0.015     -0.017     +0.011   +0.078    +0.005  +0.072    -0.029     -0.012     +0.032   +0.087    +0.001  +0.076    -0.024     -0.036     +0.026   +0.080    +0.004  +0.072    -0.011     -0.011     +0.012    +0.119     +0.004      +0.001      -0.000   +0.029    -0.059    +0.122     +0.003      -0.003      -0.000   +0.034    +0.116     +0.004      -0.004      +0.005   +0.029   +0.150    +0.005     +0.006     -0.001  +0.396   +0.146    +0.003       +0.002       +0.001       -0.001       -0.002  +0.039
                         :     DRjet0pt:  +0.360   +0.042   +0.157    +0.192  +0.842  -0.002  +0.632  -0.302   -0.330   +0.282  +0.763  +0.002  +0.473  -0.036   -0.067   +0.047  +0.642  -0.003  +0.355  -0.015   -0.029   +0.016  +0.549  -0.003  +0.274  +0.002   +0.005   -0.003   +0.210    +0.002     +0.002     -0.002  +0.084   +1.000    -0.006  +0.838    -0.160     -0.194     +0.158   +0.276    +0.004  +0.231    -0.040     -0.061     +0.058   +0.282    -0.002  +0.235    -0.042     -0.055     +0.048   +0.242    +0.003  +0.206    -0.039     -0.044     +0.039    +0.413     +0.002      -0.002      +0.007   +0.129    -0.195    +0.408     -0.000      -0.001      -0.002   +0.093    +0.399     +0.003      -0.000      +0.003   +0.092   +0.527    -0.002     +0.002     -0.002  +0.653   +0.512    +0.002       +0.002       -0.003       -0.000       -0.000  +0.133
                         :    DRjet0eta:  -0.006   +0.003   -0.004    +0.005  -0.001  +0.519  -0.010  +0.006   +0.003   -0.007  -0.003  +0.392  +0.001  +0.003   +0.004   +0.000  -0.003  +0.320  -0.014  +0.011   +0.012   -0.009  -0.006  +0.278  -0.006  -0.003   -0.002   +0.003   +0.000    +0.257     +0.266     -0.004  -0.000   -0.006    +1.000  -0.007    +0.009     +0.008     -0.008   +0.004    +0.128  -0.001    +0.007     -0.007     -0.003   -0.005    +0.135  -0.003    +0.009     +0.014     -0.003   +0.004    +0.164  +0.007    +0.009     +0.007     -0.007    +0.001     +0.122      -0.013      -0.006   -0.005    -0.002    -0.003     +0.149      -0.019      -0.004   +0.000    +0.006     +0.148      -0.035      +0.000   -0.001   -0.001    +0.834     -0.707     -0.006  -0.010   +0.001    +0.136       +0.051       +0.101       -0.002       +0.002  -0.003
                         :      DRjet0m:  +0.360   +0.042   +0.171    +0.173  +0.699  -0.001  +0.520  -0.277   -0.292   +0.270  +0.644  +0.001  +0.415  -0.048   -0.082   +0.060  +0.544  +0.004  +0.299  -0.021   -0.037   +0.016  +0.481  -0.000  +0.237  +0.005   +0.003   -0.007   +0.187    +0.002     +0.002     +0.000  +0.074   +0.838    -0.007  +1.000    -0.174     -0.199     +0.183   +0.225    +0.008  +0.194    -0.030     -0.056     +0.049   +0.233    +0.003  +0.194    -0.029     -0.056     +0.031   +0.191    +0.008  +0.169    -0.026     -0.036     +0.026    +0.337     +0.006      -0.001      +0.007   +0.114    -0.157    +0.330     +0.005      -0.002      -0.004   +0.083    +0.320     +0.008      -0.001      +0.003   +0.079   +0.399    -0.005     +0.003     +0.001  +0.588   +0.415    +0.007       +0.002       +0.001       -0.001       +0.002  +0.117
                         :    DRjet0csv:  -0.283   +0.104   -0.066    -0.047  -0.166  -0.000  -0.181  +0.452   +0.410   -0.369  -0.131  +0.004  -0.112  +0.211   +0.198   -0.168  -0.151  -0.002  -0.100  +0.074   +0.074   -0.044  -0.188  -0.002  -0.104  -0.023   -0.028   +0.035   -0.046    -0.000     +0.001     +0.009  -0.015   -0.160    +0.009  -0.174    +1.000     +0.916     -0.881   -0.043    -0.004  -0.038    -0.055     -0.005     +0.048   -0.045    -0.004  -0.037    -0.121     -0.016     +0.086   -0.088    -0.001  -0.075    -0.311     -0.278     +0.320    +0.002     -0.006      +0.005      -0.001   -0.131    -0.126    -0.063     -0.001      -0.003      -0.008   -0.060    -0.062     -0.004      -0.007      -0.008   -0.064   +0.062    +0.008     -0.006     +0.002  -0.300   -0.029    -0.006       -0.010       +0.005       -0.009       +0.003  -0.103
                         :   DRjet0cvsl:  -0.281   +0.090   -0.031    -0.053  -0.198  -0.002  -0.210  +0.410   +0.455   -0.345  -0.161  +0.006  -0.136  +0.183   +0.226   -0.153  -0.171  -0.003  -0.117  +0.068   +0.098   -0.043  -0.202  -0.002  -0.115  -0.013   +0.000   +0.024   -0.055    -0.002     +0.000     +0.008  -0.017   -0.194    +0.008  -0.199    +0.916     +1.000     -0.827   -0.057    -0.005  -0.050    -0.049     +0.006     +0.041   -0.060    -0.004  -0.050    -0.113     -0.007     +0.080   -0.097    -0.000  -0.087    -0.297     -0.263     +0.305    -0.021     -0.005      -0.000      -0.001   -0.135    -0.111    -0.080     -0.000      +0.000      -0.004   -0.066    -0.079     -0.003      -0.009      -0.010   -0.069   +0.033    +0.005     -0.008     +0.001  -0.317   -0.053    -0.006       -0.009       +0.009       -0.009       +0.004  -0.109
                         :   DRjet0cvsb:  +0.268   -0.085   +0.152    +0.047  +0.160  +0.001  +0.189  -0.386   -0.361   +0.411  +0.128  -0.002  +0.120  -0.182   -0.178   +0.213  +0.143  +0.006  +0.095  -0.059   -0.064   +0.074  +0.176  +0.008  +0.102  +0.038   +0.040   -0.018   +0.045    -0.004     -0.004     -0.011  +0.011   +0.158    -0.008  +0.183    -0.881     -0.827     +1.000   +0.042    +0.005  +0.039    +0.053     -0.000     -0.045   +0.042    +0.008  +0.035    +0.120     +0.013     -0.085   +0.082    +0.007  +0.074    +0.305     +0.274     -0.315    -0.004     +0.008      -0.005      +0.001   +0.126    +0.123    +0.061     +0.006      +0.001      +0.007   +0.055    +0.057     +0.008      +0.002      +0.012   +0.063   -0.057    -0.008     +0.005     -0.003  +0.299   +0.026    +0.010       +0.008       -0.001       +0.012       -0.006  +0.099
                         :     DRjet1pt:  +0.104   -0.001   +0.033    +0.186  +0.452  +0.008  +0.264  +0.088   +0.042   -0.111  +0.475  +0.004  +0.281  +0.037   +0.007   -0.039  +0.435  +0.001  +0.251  -0.027   -0.037   +0.044  +0.331  -0.006  +0.192  -0.104   -0.104   +0.135   +0.241    +0.001     +0.003     -0.000  +0.078   +0.276    +0.004  +0.225    -0.043     -0.057     +0.042   +1.000    +0.003  +0.855    -0.041     -0.165     +0.092   +0.046    -0.001  +0.036    -0.031     -0.039     +0.035   +0.076    -0.001  +0.061    -0.022     -0.026     +0.024    +0.644     +0.004      +0.005      -0.005   +0.387    -0.167    +0.069     -0.004      +0.001      +0.008   +0.052    +0.670     +0.007      +0.005      -0.001   +0.407   +0.419    +0.005     -0.008     -0.001  +0.140   +0.532    +0.005       +0.004       -0.008       +0.002       +0.011  +0.349
