DataSetInfo              : [keras5_Hut11] : Added class "Signal"
                         : Add Tree tmva_tree of type Signal with 22714 events
                         : Add Tree tmva_tree of type Signal with 23517 events
DataSetInfo              : [keras5_Hut11] : Added class "Background"
                         : Add Tree tmva_tree of type Background with 3727 events
                         : Add Tree tmva_tree of type Background with 4880 events
                         : Add Tree tmva_tree of type Background with 6104 events
                         : Add Tree tmva_tree of type Background with 4831 events
                         : Add Tree tmva_tree of type Background with 46182 events
                         : Add Tree tmva_tree of type Background with 64428 events
                         : Add Tree tmva_tree of type Background with 19414 events
                         : Add Tree tmva_tree of type Background with 197299 events
                         : Add Tree tmva_tree of type Background with 278296 events
Factory                  : Booking method: [1mBDT[0m
                         : 
DataSetFactory           : [keras5_Hut11] : Number of events in input trees
                         : Dataset[keras5_Hut11] :     Signal     requirement: "missingET > 0 && cjetPt > 0 && jet1csv > 0 &&  jet2csv > 0 &&  jet3csv > 0 && jet4csv > 0 && DRlepWpt > 0 && DRjet0csv > 0 && DRjet1csv > 0 && DRjet2csv > 0 && DRjet3csv > 0"
                         : Dataset[keras5_Hut11] :     Signal          -- number of events passed: 45566  / sum of weights: 4529.68
                         : Dataset[keras5_Hut11] :     Signal          -- efficiency             : 0.985419
                         : Dataset[keras5_Hut11] :     Background requirement: "missingET > 0 && cjetPt > 0 && jet1csv > 0 &&  jet2csv > 0 &&  jet3csv > 0 && jet4csv > 0 && DRlepWpt > 0 && DRjet0csv > 0 && DRjet1csv > 0 && DRjet2csv > 0 && DRjet3csv > 0"
                         : Dataset[keras5_Hut11] :     Background      -- number of events passed: 606677  / sum of weights: 54229.2
                         : Dataset[keras5_Hut11] :     Background      -- efficiency             : 0.970623
                         : Dataset[keras5_Hut11] :  you have opted for interpreting the requested number of training/testing events
                         :  to be the number of events AFTER your preselection cuts
                         : 
                         : Dataset[keras5_Hut11] :  you have opted for interpreting the requested number of training/testing events
                         :  to be the number of events AFTER your preselection cuts
                         : 
                         : Number of training and testing events
                         : ---------------------------------------------------------------------------
                         : Signal     -- training events            : 30000
                         : Signal     -- testing events             : 15566
                         : Signal     -- training and testing events: 45566
                         : Dataset[keras5_Hut11] : Signal     -- due to the preselection a scaling factor has been applied to the numbers of requested events: 0.985616
                         : Background -- training events            : 440000
                         : Background -- testing events             : 166677
                         : Background -- training and testing events: 606677
                         : Dataset[keras5_Hut11] : Background -- due to the preselection a scaling factor has been applied to the numbers of requested events: 0.970433
                         : 
DataSetInfo              : Correlation matrix (Signal):
                         : ------------------------------------------------------------------------------------------------------------------------------------------------------------------------------------------------------------------------------------------------------------------------------------------------------------------------------------------------------------------------------------------------------------------------------------------------------------------------------------------------------------------------------------------------------------------------------------------------------------------------------------------------------------------------------------------------------------------------------------------------------------------------------------------------------------------------------------------------------------------
                         :                 njets nbjets_m ncjets_m missingET  jet1pt jet1eta   jet1m jet1csv jet1cvsl jet1cvsb  jet2pt jet2eta   jet2m jet2csv jet2cvsl jet2cvsb  jet3pt jet3eta   jet3m jet3csv jet3cvsl jet3cvsb  jet4pt jet4eta   jet4m jet4csv jet4cvsl jet4cvsb DRlepWpt DRlepWeta DRlepWdeta DRlepWdphi DRlepWm DRjet0pt DRjet0eta DRjet0m DRjet0csv DRjet0cvsl DRjet0cvsb DRjet1pt DRjet1eta DRjet1m DRjet1csv DRjet1cvsl DRjet1cvsb DRjet2pt DRjet2eta DRjet2m DRjet2csv DRjet2cvsl DRjet2cvsb DRjet3pt DRjet3eta DRjet3m DRjet3csv DRjet3cvsl DRjet3cvsb DRjet12pt DRjet12eta DRjet12deta DRjet12dphi DRjet12m DRjet12DR DRjet23pt DRjet23eta DRjet23deta DRjet23dphi DRjet23m DRjet31pt DRjet31eta DRjet31deta DRjet31dphi DRjet31m DRlepTpt DRlepTeta DRlepTdeta DRlepTdphi DRlepTm DRhadTpt DRhadTeta DRhadTHbdeta DRhadTWbdeta DRhadTHbdphi DRhadTWbdphi DRhadTm
                         :        njets:  +1.000   +0.177   +0.401    +0.118  +0.308  +0.006  +0.258  -0.263   -0.266   +0.253  +0.322  -0.011  +0.247  -0.180   -0.185   +0.181  +0.405  +0.001  +0.266  -0.150   -0.147   +0.145  +0.521  -0.009  +0.313  -0.125   -0.111   +0.123   +0.154    -0.009     -0.008     +0.000  +0.053   +0.370    +0.007  +0.364    -0.281     -0.277     +0.275   +0.104    -0.006  +0.095    -0.053     -0.031     +0.050   +0.111    -0.013  +0.100    -0.073     -0.064     +0.074   +0.072    -0.001  +0.077    -0.132     -0.136     +0.132    +0.189     -0.010      +0.008      -0.006   +0.004    -0.166    +0.215     -0.007      -0.013      +0.001   -0.072    +0.210     -0.004      -0.000      -0.013   -0.072   +0.160    +0.002     -0.005     +0.012  +0.352   +0.282    -0.007       -0.013       -0.006       +0.003       +0.006  -0.065
                         :     nbjets_m:  +0.177   +1.000   +0.029    +0.038  +0.079  -0.012  +0.064  +0.025   +0.010   -0.002  +0.079  -0.002  +0.056  +0.041   +0.027   -0.021  +0.091  -0.004  +0.059  +0.052   +0.039   -0.036  +0.106  -0.006  +0.072  +0.061   +0.048   -0.039   +0.034    -0.005     -0.011     -0.002  +0.021   +0.087    -0.009  +0.083    +0.052     +0.034     -0.028   +0.026    -0.010  +0.030    -0.021     -0.026     +0.025   +0.025    +0.000  +0.029    +0.006     -0.034     +0.011   +0.037    -0.002  +0.038    +0.137     +0.117     -0.111    +0.047     -0.002      -0.004      -0.012   -0.033    -0.078    +0.056     +0.002      +0.004      +0.008   -0.004    +0.059     -0.005      -0.005      -0.003   -0.005   +0.049    -0.011     +0.005     +0.004  +0.082   +0.071    -0.001       -0.004       +0.003       +0.006       +0.006  -0.014
                         :     ncjets_m:  +0.401   +0.029   +1.000    +0.063  +0.157  +0.001  +0.149  -0.091   -0.072   +0.172  +0.161  -0.009  +0.157  -0.056   -0.036   +0.140  +0.198  -0.003  +0.157  -0.027   -0.003   +0.099  +0.240  -0.004  +0.182  -0.004   +0.025   +0.079   +0.077    +0.001     +0.006     -0.000  +0.019   +0.173    -0.003  +0.193    -0.086     -0.056     +0.168   +0.058    -0.001  +0.060    -0.095     -0.047     +0.101   +0.060    -0.008  +0.058    -0.127     -0.080     +0.202   +0.063    -0.003  +0.074    +0.063     +0.125     +0.066    +0.095     -0.003      +0.007      +0.002   +0.015    -0.072    +0.114     -0.006      -0.010      +0.003   +0.004    +0.109     +0.000      +0.002      -0.010   +0.010   +0.085    +0.000     +0.003     +0.008  +0.172   +0.137    -0.003       -0.005       -0.005       +0.002       -0.002  +0.012
                         :    missingET:  +0.118   +0.038   +0.063    +1.000  +0.338  -0.002  +0.230  -0.088   -0.110   +0.104  +0.219  -0.007  +0.142  -0.027   -0.036   +0.040  +0.211  +0.005  +0.120  +0.008   +0.004   +0.000  +0.179  -0.012  +0.097  +0.016   +0.016   -0.014   +0.722    -0.002     -0.001     -0.001  +0.359   +0.173    -0.006  +0.162    -0.031     -0.034     +0.038   +0.189    -0.001  +0.168    -0.037     -0.049     +0.047   +0.217    -0.003  +0.196    -0.039     -0.062     +0.047   +0.202    -0.003  +0.169    -0.026     -0.031     +0.032    +0.298     -0.002      +0.001      +0.002   +0.093    -0.133    +0.310     -0.000      -0.002      -0.000   +0.092    +0.296     -0.002      +0.002      -0.003   +0.074   +0.429    -0.005     +0.004     -0.007  +0.383   +0.373    -0.001       -0.001       +0.002       +0.007       +0.000  +0.111
                         :       jet1pt:  +0.308   +0.079   +0.157    +0.338  +1.000  +0.006  +0.686  -0.155   -0.219   +0.195  +0.781  -0.003  +0.483  -0.014   -0.047   +0.049  +0.638  +0.008  +0.367  -0.012   -0.022   +0.026  +0.518  -0.011  +0.284  -0.018   -0.016   +0.022   +0.424    -0.002     -0.001     -0.000  +0.159   +0.833    +0.008  +0.685    -0.120     -0.155     +0.139   +0.439    -0.001  +0.376    -0.053     -0.091     +0.084   +0.523    +0.002  +0.453    -0.051     -0.107     +0.070   +0.395    +0.001  +0.350    +0.016     +0.001     -0.002    +0.657     -0.000      +0.001      -0.004   +0.317    -0.201    +0.621     +0.002      -0.000      +0.006   +0.291    +0.557     -0.001      +0.003      +0.002   +0.248   +0.666    +0.008     -0.006     +0.001  +0.568   +0.722    -0.001       -0.002       +0.002       +0.007       +0.006  +0.372
                         :      jet1eta:  +0.006   -0.012   +0.001    -0.002  +0.006  +1.000  +0.009  -0.009   -0.005   +0.004  +0.002  +0.284  -0.001  -0.005   -0.003   +0.006  +0.001  +0.289  -0.003  +0.003   +0.003   -0.007  -0.002  +0.271  -0.005  -0.003   -0.002   +0.002   +0.006    +0.313     +0.293     -0.008  +0.000   +0.006    +0.512  +0.003    -0.005     -0.004     +0.003   -0.001    +0.466  +0.003    +0.001     -0.000     -0.006   -0.002    +0.475  +0.003    +0.000     -0.005     -0.005   +0.004    +0.470  +0.004    -0.011     -0.007     +0.009    +0.000     +0.538      -0.037      +0.005   -0.010    -0.007    +0.002     +0.531      +0.029      -0.004   +0.000    +0.000     +0.528      -0.010      -0.004   -0.004   +0.004    +0.574     -0.302     +0.005  +0.010   +0.002    +0.574       +0.288       +0.283       -0.000       -0.004  -0.006
                         :        jet1m:  +0.258   +0.064   +0.149    +0.230  +0.686  +0.009  +1.000  -0.203   -0.257   +0.246  +0.528  -0.000  +0.351  +0.004   -0.018   +0.026  +0.437  +0.005  +0.288  +0.005   -0.004   +0.006  +0.375  -0.009  +0.238  +0.011   +0.013   -0.011   +0.289    -0.006     -0.005     -0.001  +0.127   +0.617    +0.009  +0.509    -0.140     -0.172     +0.169   +0.262    -0.001  +0.235    -0.045     -0.062     +0.063   +0.311    -0.001  +0.272    -0.041     -0.083     +0.044   +0.264    +0.003  +0.232    +0.035     +0.027     -0.020    +0.385     -0.003      +0.005      -0.001   +0.221    -0.100    +0.385     +0.002      -0.004      -0.001   +0.204    +0.350     +0.000      -0.000      -0.008   +0.186   +0.409    +0.011     -0.007     +0.001  +0.603   +0.439    -0.000       -0.007       +0.001       +0.000       +0.005  +0.271
                         :      jet1csv:  -0.263   +0.025   -0.091    -0.088  -0.155  -0.009  -0.203  +1.000   +0.905   -0.874  -0.129  +0.007  -0.073  -0.121   -0.110   +0.108  -0.166  +0.005  -0.085  -0.151   -0.146   +0.138  -0.202  +0.011  -0.094  -0.170   -0.171   +0.159   -0.115    +0.006     +0.007     -0.002  -0.028   -0.244    +0.004  -0.231    +0.395     +0.357     -0.345   +0.113    +0.004  +0.101    +0.040     -0.025     -0.022   +0.085    -0.003  +0.075    +0.051     +0.003     -0.034   -0.239    +0.002  -0.198    +0.071     +0.051     -0.057    +0.102     +0.000      +0.001      +0.003   +0.123    +0.035    -0.104     -0.000      -0.005      -0.001   -0.021    -0.100     +0.001      +0.005      +0.006   -0.016   -0.024    +0.001     -0.004     -0.005  -0.297   -0.048    -0.000       +0.002       -0.001       -0.003       +0.001  +0.025
                         :     jet1cvsl:  -0.266   +0.010   -0.072    -0.110  -0.219  -0.005  -0.257  +0.905   +1.000   -0.818  -0.179  +0.004  -0.104  -0.116   -0.103   +0.102  -0.199  +0.002  -0.106  -0.138   -0.133   +0.125  -0.221  +0.013  -0.110  -0.151   -0.153   +0.142   -0.141    +0.004     +0.005     -0.002  -0.039   -0.287    +0.005  -0.259    +0.352     +0.394     -0.319   +0.065    +0.003  +0.055    +0.035     +0.072     -0.031   +0.034    -0.005  +0.025    +0.048     +0.107     -0.043   -0.246    +0.002  -0.204    +0.056     +0.070     -0.049    +0.037     -0.003      +0.002      +0.005   +0.081    +0.049    -0.144     -0.001      -0.010      -0.005   -0.044    -0.137     +0.001      +0.001      +0.006   -0.031   -0.077    +0.000     -0.005     -0.006  -0.319   -0.103    -0.002       -0.003       -0.000       -0.005       -0.000  -0.008
                         :     jet1cvsb:  +0.253   -0.002   +0.172    +0.104  +0.195  +0.004  +0.246  -0.874   -0.818   +1.000  +0.164  -0.004  +0.097  +0.111   +0.099   -0.095  +0.185  -0.004  +0.099  +0.138   +0.133   -0.126  +0.212  -0.008  +0.106  +0.151   +0.151   -0.139   +0.132    -0.005     -0.008     +0.000  +0.031   +0.260    -0.005  +0.252    -0.331     -0.310     +0.380   -0.119    -0.002  -0.091    -0.111     -0.002     +0.127   -0.003    +0.005  +0.004    -0.132     -0.054     +0.163   +0.249    +0.001  +0.211    -0.038     -0.029     +0.073    -0.047     +0.003      -0.002      -0.001   -0.095    -0.048    +0.163     +0.004      +0.004      +0.001   +0.065    +0.099     +0.001      -0.006      -0.002   +0.025   +0.066    -0.005     +0.004     +0.005  +0.302   +0.092    +0.004       -0.001       +0.004       +0.003       -0.003  +0.010
                         :       jet2pt:  +0.322   +0.079   +0.161    +0.219  +0.781  +0.002  +0.528  -0.129   -0.179   +0.164  +1.000  -0.005  +0.630  -0.021   -0.060   +0.058  +0.761  +0.011  +0.438  -0.021   -0.028   +0.029  +0.592  -0.004  +0.324  -0.026   -0.022   +0.029   +0.281    -0.000     +0.001     -0.000  +0.116   +0.755    +0.009  +0.625    -0.091     -0.121     +0.112   +0.463    +0.002  +0.389    -0.053     -0.090     +0.082   +0.525    +0.002  +0.457    -0.050     -0.103     +0.069   +0.406    +0.004  +0.358    -0.016     -0.027     +0.022    +0.664     +0.001      +0.000      -0.004   +0.343    -0.208    +0.617     +0.002      -0.003      +0.007   +0.303    +0.571     -0.000      +0.000      +0.000   +0.259   +0.637    +0.006     -0.008     +0.006  +0.441   +0.724    -0.001       -0.002       +0.002       +0.003       +0.002  +0.389
                         :      jet2eta:  -0.011   -0.002   -0.009    -0.007  -0.003  +0.284  -0.000  +0.007   +0.004   -0.004  -0.005  +1.000  +0.005  -0.004   -0.005   +0.001  -0.005  +0.288  -0.008  +0.010   +0.010   -0.012  -0.011  +0.280  -0.008  +0.004   +0.004   +0.000   -0.006    +0.293     +0.303     -0.000  -0.001   -0.001    +0.420  +0.003    +0.007     +0.003     -0.004   -0.003    +0.476  -0.003    +0.005     +0.007     -0.012   +0.002    +0.481  +0.005    +0.006     -0.009     -0.005   -0.007    +0.485  -0.006    +0.003     +0.006     +0.002    +0.001     +0.537      -0.038      +0.002   +0.004    +0.004    -0.005     +0.534      +0.019      -0.000   +0.005    -0.010     +0.533      -0.022      +0.006   +0.003   -0.003    +0.421     -0.217     +0.010  -0.001   -0.005    +0.566       +0.290       +0.291       +0.001       +0.001  +0.005
                         :        jet2m:  +0.247   +0.056   +0.157    +0.142  +0.483  -0.001  +0.351  -0.073   -0.104   +0.097  +0.630  +0.005  +1.000  -0.100   -0.131   +0.141  +0.495  +0.018  +0.336  -0.004   -0.008   +0.013  +0.398  +0.004  +0.254  +0.014   +0.018   -0.006   +0.174    -0.003     +0.002     -0.003  +0.108   +0.470    +0.010  +0.399    -0.100     -0.117     +0.123   +0.273    +0.011  +0.237    -0.046     -0.068     +0.061   +0.323    +0.011  +0.291    -0.037     -0.085     +0.048   +0.251    +0.009  +0.221    +0.023     +0.015     -0.009    +0.392     +0.012      -0.004      +0.008   +0.246    -0.085    +0.374     +0.011      +0.004      +0.008   +0.216    +0.336     +0.008      -0.005      +0.003   +0.187   +0.372    +0.007     -0.010     +0.006  +0.381   +0.426    +0.010       +0.006       +0.009       +0.009       -0.006  +0.282
                         :      jet2csv:  -0.180   +0.041   -0.056    -0.027  -0.014  -0.005  +0.004  -0.121   -0.116   +0.111  -0.021  -0.004  -0.100  +1.000   +0.925   -0.886  -0.070  -0.004  -0.034  -0.186   -0.180   +0.174  -0.112  -0.010  -0.038  -0.212   -0.215   +0.199   -0.042    +0.007     +0.005     +0.004  -0.014   -0.013    -0.001  -0.029    +0.196     +0.170     -0.169   +0.056    -0.007  +0.044    +0.042     -0.005     -0.024   +0.049    +0.004  +0.042    +0.049     +0.009     -0.041   -0.124    -0.009  -0.106    +0.097     +0.068     -0.073    +0.052     -0.003      -0.010      +0.004   +0.064    -0.007    -0.047     -0.002      +0.009      -0.009   -0.000    -0.051     -0.008      -0.003      +0.002   -0.002   +0.009    +0.001     +0.006     -0.001  -0.067   -0.022    -0.005       +0.002       +0.009       -0.011       -0.003  +0.020
                         :     jet2cvsl:  -0.185   +0.027   -0.036    -0.036  -0.047  -0.003  -0.018  -0.110   -0.103   +0.099  -0.060  -0.005  -0.131  +0.925   +1.000   -0.840  -0.098  -0.006  -0.052  -0.175   -0.169   +0.162  -0.131  -0.009  -0.053  -0.206   -0.206   +0.191   -0.054    +0.007     +0.004     +0.001  -0.024   -0.045    -0.001  -0.057    +0.181     +0.198     -0.164   +0.031    -0.007  +0.019    +0.038     +0.069     -0.031   +0.026    +0.003  +0.017    +0.042     +0.090     -0.046   -0.132    -0.009  -0.114    +0.076     +0.086     -0.061    +0.021     -0.002      -0.008      +0.002   +0.047    +0.002    -0.069     -0.001      +0.006      -0.006   -0.009    -0.074     -0.009      -0.004      +0.001   -0.009   -0.021    +0.003     +0.006     +0.002  -0.084   -0.052    -0.004       +0.001       +0.007       -0.011       +0.001  +0.006
                         :     jet2cvsb:  +0.181   -0.021   +0.140    +0.040  +0.049  +0.006  +0.026  +0.108   +0.102   -0.095  +0.058  +0.001  +0.141  -0.886   -0.840   +1.000  +0.092  +0.005  +0.052  +0.174   +0.169   -0.161  +0.125  +0.012  +0.053  +0.191   +0.193   -0.177   +0.057    -0.007     -0.004     -0.005  +0.029   +0.041    -0.001  +0.055    -0.171     -0.153     +0.209   -0.044    +0.008  -0.028    -0.119     -0.021     +0.130   -0.009    -0.001  -0.003    -0.131     -0.047     +0.167   +0.130    +0.010  +0.116    -0.057     -0.041     +0.088    -0.017     +0.003      +0.007      -0.004   -0.045    -0.002    +0.078     +0.003      -0.005      +0.012   +0.021    +0.063     +0.010      +0.004      -0.003   +0.014   +0.023    -0.004     -0.004     +0.008  +0.086   +0.052    +0.006       -0.000       -0.004       +0.009       +0.006  +0.003
                         :       jet3pt:  +0.405   +0.091   +0.198    +0.211  +0.638  +0.001  +0.437  -0.166   -0.199   +0.185  +0.761  -0.005  +0.495  -0.070   -0.098   +0.092  +1.000  +0.012  +0.589  -0.018   -0.027   +0.030  +0.764  -0.005  +0.422  -0.034   -0.025   +0.032   +0.266    -0.006     -0.001     +0.004  +0.106   +0.644    +0.008  +0.550    -0.117     -0.134     +0.128   +0.428    -0.003  +0.354    -0.038     -0.088     +0.067   +0.438    +0.003  +0.371    -0.047     -0.088     +0.055   +0.409    +0.001  +0.343    -0.044     -0.044     +0.048    +0.575     -0.000      -0.001      -0.003   +0.315    -0.210    +0.553     +0.003      -0.002      +0.007   +0.280    +0.550     -0.002      -0.000      -0.004   +0.251   +0.541    +0.002     -0.005     +0.005  +0.400   +0.659    -0.001       -0.003       +0.001       +0.003       +0.004  +0.360
                         :      jet3eta:  +0.001   -0.004   -0.003    +0.005  +0.008  +0.289  +0.005  +0.005   +0.002   -0.004  +0.011  +0.288  +0.018  -0.004   -0.006   +0.005  +0.012  +1.000  +0.010  +0.009   +0.011   -0.013  +0.004  +0.276  -0.000  +0.003   +0.003   -0.003   +0.003    +0.238     +0.251     -0.010  +0.002   +0.011    +0.328  +0.016    +0.001     -0.002     +0.001   +0.006    +0.487  +0.003    +0.018     +0.018     -0.019   +0.004    +0.486  +0.005    +0.004     -0.008     -0.002   -0.001    +0.511  -0.001    -0.008     -0.009     +0.009    +0.005     +0.530      -0.025      +0.005   +0.006    -0.004    +0.001     +0.537      -0.007      -0.005   -0.001    +0.006     +0.538      -0.034      -0.002   -0.002   +0.003    +0.311     -0.138     +0.000  +0.011   +0.005    +0.551       +0.278       +0.298       -0.003       +0.002  +0.000
                         :        jet3m:  +0.266   +0.059   +0.157    +0.120  +0.367  -0.003  +0.288  -0.085   -0.106   +0.099  +0.438  -0.008  +0.336  -0.034   -0.052   +0.052  +0.589  +0.010  +1.000  -0.075   -0.087   +0.103  +0.465  +0.002  +0.311  +0.007   +0.012   -0.005   +0.147    -0.005     -0.005     +0.005  +0.092   +0.362    +0.009  +0.320    -0.083     -0.093     +0.097   +0.245    -0.006  +0.216    -0.038     -0.073     +0.051   +0.251    +0.005  +0.217    -0.051     -0.072     +0.041   +0.240    -0.003  +0.202    +0.013     +0.014     +0.006    +0.316     -0.002      -0.007      -0.001   +0.230    -0.067    +0.311     +0.003      -0.000      +0.004   +0.200    +0.304     -0.005      -0.001      -0.005   +0.197   +0.296    -0.001     -0.008     +0.005  +0.283   +0.356    -0.001       -0.009       +0.005       +0.003       +0.004  +0.271
                         :      jet3csv:  -0.150   +0.052   -0.027    +0.008  -0.012  +0.003  +0.005  -0.151   -0.138   +0.138  -0.021  +0.010  -0.004  -0.186   -0.175   +0.174  -0.018  +0.009  -0.075  +1.000   +0.942   -0.900  -0.062  +0.002  -0.016  -0.257   -0.255   +0.244   +0.017    +0.006     +0.010     -0.004  +0.005   -0.008    -0.001  -0.008    +0.045     +0.035     -0.036   -0.007    +0.009  -0.002    +0.025     +0.013     -0.017   -0.007    +0.015  -0.000    +0.040     +0.024     -0.026   +0.019    +0.006  +0.021    +0.114     +0.091     -0.082    -0.021     +0.014      -0.007      +0.006   +0.010    -0.000    -0.004     +0.011      +0.014      +0.004   +0.025    -0.005     +0.011      +0.009      +0.006   +0.025   +0.001    -0.001     +0.002     +0.001  +0.005   -0.016    +0.012       +0.016       +0.004       +0.008       -0.008  +0.024
                         :     jet3cvsl:  -0.147   +0.039   -0.003    +0.004  -0.022  +0.003  -0.004  -0.146   -0.133   +0.133  -0.028  +0.010  -0.008  -0.180   -0.169   +0.169  -0.027  +0.011  -0.087  +0.942   +1.000   -0.865  -0.067  -0.000  -0.020  -0.253   -0.251   +0.240   +0.013    +0.006     +0.012     -0.006  +0.003   -0.016    +0.001  -0.015    +0.039     +0.053     -0.035   -0.013    +0.008  -0.009    +0.020     +0.066     -0.019   -0.010    +0.013  -0.007    +0.035     +0.084     -0.031   +0.013    +0.005  +0.012    +0.091     +0.106     -0.069    -0.026     +0.013      -0.005      +0.008   +0.006    +0.003    -0.011     +0.010      +0.015      +0.005   +0.021    -0.014     +0.010      +0.010      +0.010   +0.020   -0.007    +0.002     +0.001     -0.000  -0.000   -0.024    +0.011       +0.016       +0.003       +0.010       -0.011  +0.018
                         :     jet3cvsb:  +0.145   -0.036   +0.099    +0.000  +0.026  -0.007  +0.006  +0.138   +0.125   -0.126  +0.029  -0.012  +0.013  +0.174   +0.162   -0.161  +0.030  -0.013  +0.103  -0.900   -0.865   +1.000  +0.068  -0.003  +0.023  +0.240   +0.240   -0.228   -0.009    -0.007     -0.014     +0.006  +0.002   +0.020    -0.006  +0.019    -0.038     -0.035     +0.063   +0.032    -0.010  +0.025    -0.100     -0.036     +0.115   +0.002    -0.014  +0.002    -0.119     -0.052     +0.141   -0.019    -0.005  -0.019    -0.071     -0.060     +0.096    +0.032     -0.014      +0.004      -0.012   -0.006    -0.006    +0.000     -0.011      -0.012      -0.008   -0.023    +0.020     -0.010      -0.012      -0.012   -0.011   +0.006    -0.004     +0.005     +0.003  +0.011   +0.023    -0.011       -0.017       -0.002       -0.013       +0.016  -0.015
                         :       jet4pt:  +0.521   +0.106   +0.240    +0.179  +0.518  -0.002  +0.375  -0.202   -0.221   +0.212  +0.592  -0.011  +0.398  -0.112   -0.131   +0.125  +0.764  +0.004  +0.465  -0.062   -0.067   +0.068  +1.000  -0.004  +0.557  -0.020   -0.010   +0.018   +0.219    -0.003     -0.002     +0.006  +0.086   +0.546    +0.001  +0.481    -0.162     -0.169     +0.166   +0.329    -0.004  +0.272    -0.034     -0.070     +0.057   +0.341    -0.002  +0.290    -0.045     -0.071     +0.057   +0.352    -0.001  +0.291    -0.072     -0.067     +0.074    +0.451     -0.005      -0.002      -0.001   +0.246    -0.196    +0.468     -0.000      -0.003      +0.001   +0.208    +0.458     -0.003      +0.004      -0.006   +0.195   +0.416    +0.000     +0.002     +0.002  +0.374   +0.552    -0.004       -0.005       +0.001       +0.002       +0.003  +0.270
                         :      jet4eta:  -0.009   -0.006   -0.004    -0.012  -0.011  +0.271  -0.009  +0.011   +0.013   -0.008  -0.004  +0.280  +0.004  -0.010   -0.009   +0.012  -0.005  +0.276  +0.002  +0.002   -0.000   -0.003  -0.004  +1.000  -0.014  -0.001   -0.003   -0.001   -0.010    +0.203     +0.206     -0.002  -0.005   -0.012    +0.281  -0.006    +0.001     +0.001     +0.004   -0.006    +0.462  -0.008    +0.004     +0.000     -0.007   -0.004    +0.462  -0.001    +0.005     -0.002     -0.002   +0.010    +0.518  +0.014    +0.003     +0.005     +0.000    -0.008     +0.481      -0.027      -0.000   -0.003    +0.002    -0.003     +0.505      -0.022      -0.005   +0.011    -0.003     +0.508      -0.057      -0.002   +0.006   -0.011    +0.259     -0.108     +0.001  -0.011   -0.007    +0.511       +0.250       +0.296       +0.001       +0.007  +0.007
                         :        jet4m:  +0.313   +0.072   +0.182    +0.097  +0.284  -0.005  +0.238  -0.094   -0.110   +0.106  +0.324  -0.008  +0.254  -0.038   -0.053   +0.053  +0.422  -0.000  +0.311  -0.016   -0.020   +0.023  +0.557  -0.014  +1.000  -0.068   -0.071   +0.091   +0.111    +0.001     +0.008     +0.009  +0.067   +0.281    +0.003  +0.242    -0.080     -0.090     +0.087   +0.201    -0.006  +0.174    -0.043     -0.054     +0.046   +0.199    -0.006  +0.174    -0.053     -0.062     +0.054   +0.191    -0.010  +0.158    -0.011     -0.014     +0.029    +0.254     -0.008      +0.004      -0.004   +0.197    -0.059    +0.251     -0.005      -0.004      -0.001   +0.171    +0.246     -0.007      +0.005      -0.001   +0.171   +0.220    +0.005     +0.004     +0.006  +0.214   +0.293    -0.007       -0.010       -0.001       +0.002       +0.004  +0.228
                         :      jet4csv:  -0.125   +0.061   -0.004    +0.016  -0.018  -0.003  +0.011  -0.170   -0.151   +0.151  -0.026  +0.004  +0.014  -0.212   -0.206   +0.191  -0.034  +0.003  +0.007  -0.257   -0.253   +0.240  -0.020  -0.001  -0.068  +1.000   +0.943   -0.902   +0.016    +0.003     +0.002     +0.003  +0.003   -0.007    -0.005  +0.002    -0.036     -0.031     +0.042   -0.103    -0.003  -0.087    +0.038     +0.014     -0.033   -0.078    +0.004  -0.071    +0.050     +0.021     -0.035   +0.155    +0.003  +0.130    +0.106     +0.101     -0.083    -0.116     -0.001      -0.002      -0.000   -0.073    +0.052    +0.010     +0.001      +0.002      +0.004   +0.052    +0.006     +0.001      -0.011      +0.004   +0.045   -0.031    +0.001     +0.009     -0.007  +0.041   -0.054    +0.001       -0.003       +0.004       +0.007       -0.005  +0.023
                         :     jet4cvsl:  -0.111   +0.048   +0.025    +0.016  -0.016  -0.002  +0.013  -0.171   -0.153   +0.151  -0.022  +0.004  +0.018  -0.215   -0.206   +0.193  -0.025  +0.003  +0.012  -0.255   -0.251   +0.240  -0.010  -0.003  -0.071  +0.943   +1.000   -0.874   +0.017    +0.002     +0.001     +0.001  +0.004   -0.003    -0.006  +0.005    -0.042     -0.022     +0.043   -0.095    -0.002  -0.086    +0.033     +0.057     -0.036   -0.077    +0.004  -0.077    +0.047     +0.084     -0.042   +0.151    +0.002  +0.123    +0.072     +0.111     -0.059    -0.110     +0.000      -0.001      +0.004   -0.068    +0.050    +0.011     +0.000      +0.000      +0.001   +0.047    +0.008     +0.001      -0.008      +0.004   +0.046   -0.031    +0.001     +0.009     -0.004  +0.045   -0.049    +0.002       -0.002       +0.001       +0.006       -0.007  +0.022
                         :     jet4cvsb:  +0.123   -0.039   +0.079    -0.014  +0.022  +0.002  -0.011  +0.159   +0.142   -0.139  +0.029  +0.000  -0.006  +0.199   +0.191   -0.177  +0.032  -0.003  -0.005  +0.244   +0.240   -0.228  +0.018  -0.001  +0.091  -0.902   -0.874   +1.000   -0.011    -0.003     -0.002     -0.004  -0.006   +0.010    +0.008  +0.002    +0.042     +0.032     -0.021   +0.135    +0.003  +0.114    -0.107     -0.039     +0.123   +0.048    -0.004  +0.049    -0.123     -0.052     +0.145   -0.153    -0.003  -0.128    -0.066     -0.073     +0.105    +0.115     +0.001      +0.003      +0.001   +0.069    -0.056    -0.029     -0.001      -0.004      -0.007   -0.063    +0.012     +0.000      +0.010      -0.007   -0.028   +0.032    +0.002     -0.012     +0.004  -0.036   +0.052    -0.002       +0.002       -0.005       -0.007       +0.007  -0.021
                         :     DRlepWpt:  +0.154   +0.034   +0.077    +0.722  +0.424  +0.006  +0.289  -0.115   -0.141   +0.132  +0.281  -0.006  +0.174  -0.042   -0.054   +0.057  +0.266  +0.003  +0.147  +0.017   +0.013   -0.009  +0.219  -0.010  +0.111  +0.016   +0.017   -0.011   +1.000    -0.000     +0.003     -0.002  +0.225   +0.200    -0.000  +0.175    -0.028     -0.032     +0.033   +0.242    +0.001  +0.214    -0.037     -0.055     +0.061   +0.289    -0.002  +0.259    -0.054     -0.078     +0.061   +0.266    -0.002  +0.224    -0.049     -0.055     +0.059    +0.395     +0.001      +0.006      -0.007   +0.113    -0.194    +0.426     +0.000      -0.006      -0.002   +0.097    +0.395     +0.000      +0.005      -0.006   +0.078   +0.585    +0.001     +0.002     +0.000  +0.417   +0.507    +0.002       +0.000       -0.001       +0.003       +0.010  +0.122
                         :    DRlepWeta:  -0.009   -0.005   +0.001    -0.002  -0.002  +0.313  -0.006  +0.006   +0.004   -0.005  -0.000  +0.293  -0.003  +0.007   +0.007   -0.007  -0.006  +0.238  -0.005  +0.006   +0.006   -0.007  -0.003  +0.203  +0.001  +0.003   +0.002   -0.003   -0.000    +1.000     +0.816     -0.002  -0.003   -0.002    +0.254  +0.006    +0.015     +0.013     -0.013   +0.000    +0.294  -0.001    +0.017     -0.000     -0.013   +0.002    +0.301  +0.003    +0.012     -0.004     -0.010   -0.001    +0.249  -0.005    -0.007     -0.004     +0.011    +0.001     +0.333      -0.017      -0.007   +0.001    +0.002    -0.001     +0.310      +0.056      -0.001   +0.004    -0.000     +0.306      +0.039      -0.002   +0.002   -0.002    +0.561     +0.260     +0.005  -0.008   +0.001    +0.340       +0.210       +0.155       +0.000       +0.006  +0.003
                         :   DRlepWdeta:  -0.008   -0.011   +0.006    -0.001  -0.001  +0.293  -0.005  +0.007   +0.005   -0.008  +0.001  +0.303  +0.002  +0.005   +0.004   -0.004  -0.001  +0.251  -0.005  +0.010   +0.012   -0.014  -0.002  +0.206  +0.008  +0.002   +0.001   -0.002   +0.003    +0.816     +1.000     -0.004  -0.002   -0.002    +0.261  +0.007    +0.013     +0.013     -0.012   +0.002    +0.293  -0.001    +0.018     -0.000     -0.018   +0.003    +0.300  +0.004    +0.012     -0.004     -0.012   +0.001    +0.247  -0.004    -0.003     +0.000     +0.007    +0.003     +0.327      -0.020      -0.002   +0.002    +0.002    -0.001     +0.299      +0.057      -0.001   +0.011    +0.001     +0.298      +0.035      -0.002   +0.006   -0.001    +0.535     +0.249     +0.002  -0.008   +0.002    +0.328       +0.207       +0.154       +0.001       +0.004  +0.009
                         :   DRlepWdphi:  +0.000   -0.002   -0.000    -0.001  -0.000  -0.008  -0.001  -0.002   -0.002   +0.000  -0.000  -0.000  -0.003  +0.004   +0.001   -0.005  +0.004  -0.010  +0.005  -0.004   -0.006   +0.006  +0.006  -0.002  +0.009  +0.003   +0.001   -0.004   -0.002    -0.002     -0.004     +1.000  -0.002   +0.003    -0.004  +0.003    +0.012     +0.008     -0.013   -0.001    -0.007  -0.004    +0.004     +0.002     -0.002   -0.003    -0.000  -0.001    +0.006     +0.004     -0.004   +0.003    -0.005  +0.002    -0.007     -0.010     +0.009    -0.005     -0.004      -0.002      -0.005   +0.003    +0.002    -0.001     -0.007      -0.010      +0.023   +0.005    +0.002     -0.007      +0.003      +0.008   -0.003   +0.005    -0.002     +0.002     -0.059  -0.001   -0.003    -0.005       -0.005       -0.002       +0.007       +0.002  +0.002
                         :      DRlepWm:  +0.053   +0.021   +0.019    +0.359  +0.159  +0.000  +0.127  -0.028   -0.039   +0.031  +0.116  -0.001  +0.108  -0.014   -0.024   +0.029  +0.106  +0.002  +0.092  +0.005   +0.003   +0.002  +0.086  -0.005  +0.067  +0.003   +0.004   -0.006   +0.225    -0.003     -0.002     -0.002  +1.000   +0.096    +0.006  +0.083    -0.003     -0.009     +0.006   +0.084    -0.006  +0.074    -0.031     -0.015     +0.035   +0.102    -0.001  +0.092    -0.030     -0.033     +0.027   +0.084    +0.000  +0.077    -0.010     -0.016     +0.007    +0.137     -0.005      -0.004      +0.009   +0.037    -0.064    +0.135     -0.001      -0.006      +0.002   +0.034    +0.128     -0.005      -0.010      -0.002   +0.028   +0.164    +0.003     -0.004     +0.010  +0.405   +0.164    -0.003       -0.007       +0.006       +0.003       -0.005  +0.042
                         :     DRjet0pt:  +0.370   +0.087   +0.173    +0.173  +0.833  +0.006  +0.617  -0.244   -0.287   +0.260  +0.755  -0.001  +0.470  -0.013   -0.045   +0.041  +0.644  +0.011  +0.362  -0.008   -0.016   +0.020  +0.546  -0.012  +0.281  -0.007   -0.003   +0.010   +0.200    -0.002     -0.002     +0.003  +0.096   +1.000    +0.009  +0.832    -0.115     -0.157     +0.137   +0.263    +0.003  +0.220    -0.046     -0.058     +0.058   +0.305    +0.004  +0.260    -0.054     -0.067     +0.056   +0.213    +0.003  +0.197    -0.046     -0.054     +0.052    +0.421     +0.003      +0.004      -0.002   +0.141    -0.201    +0.408     +0.004      +0.002      +0.001   +0.097    +0.378     +0.003      +0.004      -0.005   +0.067   +0.516    +0.009     -0.007     +0.006  +0.647   +0.506    +0.004       +0.001       -0.001       +0.004       +0.003  +0.127
                         :    DRjet0eta:  +0.007   -0.009   -0.003    -0.006  +0.008  +0.512  +0.009  +0.004   +0.005   -0.005  +0.009  +0.420  +0.010  -0.001   -0.001   -0.001  +0.008  +0.328  +0.009  -0.001   +0.001   -0.006  +0.001  +0.281  +0.003  -0.005   -0.006   +0.008   -0.000    +0.254     +0.261     -0.004  +0.006   +0.009    +1.000  +0.007    -0.007     -0.008     +0.006   +0.005    +0.144  +0.007    +0.001     +0.005     -0.005   +0.007    +0.137  +0.005    +0.002     -0.009     -0.005   +0.000    +0.187  -0.001    -0.003     -0.001     -0.003    +0.004     +0.132      -0.003      +0.002   +0.016    +0.005    +0.006     +0.168      -0.029      +0.002   +0.005    +0.003     +0.171      -0.033      +0.007   -0.002   -0.001    +0.834     -0.715     +0.003  +0.014   +0.005    +0.154       +0.056       +0.107       +0.006       +0.006  +0.007
                         :      DRjet0m:  +0.364   +0.083   +0.193    +0.162  +0.685  +0.003  +0.509  -0.231   -0.259   +0.252  +0.625  +0.003  +0.399  -0.029   -0.057   +0.055  +0.550  +0.016  +0.320  -0.008   -0.015   +0.019  +0.481  -0.006  +0.242  +0.002   +0.005   +0.002   +0.175    +0.006     +0.007     +0.003  +0.083   +0.832    +0.007  +1.000    -0.136     -0.168     +0.164   +0.216    +0.007  +0.185    -0.040     -0.051     +0.054   +0.238    +0.007  +0.201    -0.044     -0.053     +0.053   +0.173    +0.004  +0.161    -0.027     -0.034     +0.034    +0.336     +0.007      +0.003      +0.002   +0.119    -0.162    +0.324     +0.006      +0.001      -0.004   +0.081    +0.310     +0.007      +0.008      -0.006   +0.062   +0.384    +0.008     -0.004     -0.003  +0.582   +0.407    +0.007       +0.006       -0.001       +0.001       -0.001  +0.111
                         :    DRjet0csv:  -0.281   +0.052   -0.086    -0.031  -0.120  -0.005  -0.140  +0.395   +0.352   -0.331  -0.091  +0.007  -0.100  +0.196   +0.181   -0.171  -0.117  +0.001  -0.083  +0.045   +0.039   -0.038  -0.162  +0.001  -0.080  -0.036   -0.042   +0.042   -0.028    +0.015     +0.013     +0.012  -0.003   -0.115    -0.007  -0.136    +1.000     +0.926     -0.895   -0.016    +0.003  -0.012    -0.053     -0.019     +0.037   -0.012    +0.005  -0.007    -0.121     -0.029     +0.089   -0.080    +0.005  -0.080    -0.398     -0.387     +0.382    +0.043     +0.005      -0.004      +0.006   -0.104    -0.138    -0.031     +0.004      -0.001      -0.004   -0.067    -0.034     +0.004      +0.000      -0.003   -0.075   +0.105    -0.003     +0.014     +0.004  -0.267   +0.016    +0.004       +0.006       +0.008       -0.002       -0.004  -0.103
                         :   DRjet0cvsl:  -0.277   +0.034   -0.056    -0.034  -0.155  -0.004  -0.172  +0.357   +0.394   -0.310  -0.121  +0.003  -0.117  +0.170   +0.198   -0.153  -0.134  -0.002  -0.093  +0.035   +0.053   -0.035  -0.169  +0.001  -0.090  -0.031   -0.022   +0.032   -0.032    +0.013     +0.013     +0.008  -0.009   -0.157    -0.008  -0.168    +0.926     +1.000     -0.853   -0.028    +0.003  -0.023    -0.050     -0.014     +0.034   -0.025    +0.001  -0.019    -0.121     -0.027     +0.087   -0.085    +0.005  -0.084    -0.394     -0.383     +0.380    +0.025     +0.004      -0.001      +0.007   -0.108    -0.127    -0.046     +0.003      -0.004      -0.003   -0.070    -0.048     +0.004      -0.001      +0.001   -0.073   +0.076    -0.004     +0.014     +0.003  -0.288   -0.005    +0.003       +0.003       +0.007       -0.001       -0.006  -0.105
                         :   DRjet0cvsb:  +0.275   -0.028   +0.168    +0.038  +0.139  +0.003  +0.169  -0.345   -0.319   +0.380  +0.112  -0.004  +0.123  -0.169   -0.164   +0.209  +0.128  +0.001  +0.097  -0.036   -0.035   +0.063  +0.166  +0.004  +0.087  +0.042   +0.043   -0.021   +0.033    -0.013     -0.012     -0.013  +0.006   +0.137    +0.006  +0.164    -0.895     -0.853     +1.000   +0.024    -0.001  +0.020    +0.046     +0.012     -0.031   +0.025    +0.002  +0.020    +0.112     +0.025     -0.081   +0.081    -0.002  +0.081    +0.382     +0.371     -0.366    -0.025     -0.001      -0.001      -0.006   +0.101    +0.120    +0.043     +0.002      +0.004      +0.005   +0.070    +0.043     -0.001      +0.000      +0.002   +0.077   -0.079    +0.002     -0.012     +0.000  +0.284   +0.001    +0.000       -0.002       -0.003       +0.003       +0.006  +0.104
                         :     DRjet1pt:  +0.104   +0.026   +0.058    +0.189  +0.439  -0.001  +0.262  +0.113   +0.065   -0.119  +0.463  -0.003  +0.273  +0.056   +0.031   -0.044  +0.428  +0.006  +0.245  -0.007   -0.013   +0.032  +0.329  -0.006  +0.201  -0.103   -0.095   +0.135   +0.242    +0.000     +0.002     -0.001  +0.084   +0.263    +0.005  +0.216    -0.016     -0.028     +0.024   +1.000    -0.006  +0.848    -0.062     -0.175     +0.121   +0.035    -0.003  +0.035    -0.052     -0.029     +0.054   +0.072    +0.001  +0.050    -0.011     -0.020     +0.020    +0.621     -0.004      -0.006      +0.000   +0.390    -0.163    +0.068     +0.001      -0.006      +0.000   +0.037    +0.667     -0.005      -0.006      +0.002   +0.396   +0.410    +0.005     -0.003     -0.010  +0.141   +0.514    -0.005       -0.005       +0.005       +0.003       -0.004  +0.338
