Using TensorFlow backend.
2017-12-31 21:32:21.731722: I tensorflow/core/common_runtime/gpu/gpu_device.cc:1030] Found device 0 with properties: 
name: TITAN Xp major: 6 minor: 1 memoryClockRate(GHz): 1.582
pciBusID: 0000:84:00.0
totalMemory: 11.90GiB freeMemory: 11.74GiB
2017-12-31 21:32:21.731797: I tensorflow/core/common_runtime/gpu/gpu_device.cc:1120] Creating TensorFlow device (/device:GPU:0) -> (device: 0, name: TITAN Xp, pci bus id: 0000:84:00.0, compute capability: 6.1)
DataSetInfo              : [keras_Hut28] : Added class "Signal"
                         : Add Tree tmva_tree of type Signal with 22928 events
                         : Add Tree tmva_tree of type Signal with 23409 events
DataSetInfo              : [keras_Hut28] : Added class "Background"
                         : Add Tree tmva_tree of type Background with 6159 events
                         : Add Tree tmva_tree of type Background with 3768 events
                         : Add Tree tmva_tree of type Background with 4878 events
                         : Add Tree tmva_tree of type Background with 4877 events
                         : Add Tree tmva_tree of type Background with 46053 events
                         : Add Tree tmva_tree of type Background with 64226 events
                         : Add Tree tmva_tree of type Background with 19461 events
                         : Add Tree tmva_tree of type Background with 197132 events
                         : Add Tree tmva_tree of type Background with 278670 events
Factory                  : Booking method: [1mBDT[0m
                         : 
DataSetFactory           : [keras_Hut28] : Number of events in input trees
                         : Dataset[keras_Hut28] :     Signal     requirement: "nevt %5 != 0 && GenMatch == 2"
                         : Dataset[keras_Hut28] :     Signal          -- number of events passed: 18811  / sum of weights: 1102.97
                         : Dataset[keras_Hut28] :     Signal          -- efficiency             : 0.406268
                         : Dataset[keras_Hut28] :     Background requirement: "nevt %5 == 1 && nevt %6 == 0"
                         : Dataset[keras_Hut28] :     Background      -- number of events passed: 20843  / sum of weights: 1846.86
                         : Dataset[keras_Hut28] :     Background      -- efficiency             : 0.0332404
                         : Dataset[keras_Hut28] :  you have opted for interpreting the requested number of training/testing events
                         :  to be the number of events AFTER your preselection cuts
                         : 
                         : Dataset[keras_Hut28] :  you have opted for interpreting the requested number of training/testing events
                         :  to be the number of events AFTER your preselection cuts
                         : 
                         : Number of training and testing events
                         : ---------------------------------------------------------------------------
                         : Signal     -- training events            : 14000
                         : Signal     -- testing events             : 4811
                         : Signal     -- training and testing events: 18811
                         : Dataset[keras_Hut28] : Signal     -- due to the preselection a scaling factor has been applied to the numbers of requested events: 0.405961
                         : Background -- training events            : 15000
                         : Background -- testing events             : 5843
                         : Background -- training and testing events: 20843
                         : Dataset[keras_Hut28] : Background -- due to the preselection a scaling factor has been applied to the numbers of requested events: 0.0333369
                         : 
DataSetInfo              : Correlation matrix (Signal):
                         : ---------------------------------------------------------------------------------------------------------------------------------------------------------------------------------------------------------------------------------------------------------------------------------------------------------------------------------------------------------------------------------------------------------------------------------------------------------------------------------------------------------------------------------------------------------------------------------------------------------------------------------------
                         :                 njets nbjets_m DRlepWpt DRlepWeta DRlepWdeta DRlepWdphi DRlepWm DRjet0pt DRjet0eta DRjet0m DRjet0csv DRjet0cvsl DRjet0cvsb DRjet1pt DRjet1eta DRjet1m DRjet1csv DRjet1cvsl DRjet1cvsb DRjet2pt DRjet2eta DRjet2m DRjet2csv DRjet2cvsl DRjet2cvsb DRjet3pt DRjet3eta DRjet3m DRjet3csv DRjet3cvsl DRjet3cvsb DRjet12pt DRjet12eta DRjet12deta DRjet12dphi DRjet12m DRjet12DR DRjet23pt DRjet23eta DRjet23deta DRjet23dphi DRjet23m DRjet31pt DRjet31eta DRjet31deta DRjet31dphi DRjet31m DRlepTpt DRlepTeta DRlepTdeta DRlepTdphi DRlepTm DRhadTpt DRhadTeta DRhadTHbdeta DRhadTWbdeta DRhadTHbdphi DRhadTWbdphi DRhadTm
                         :        njets:  +1.000   +0.127   +0.136    -0.004     +0.005     +0.013  +0.056   +0.095    -0.001  +0.077    +0.009     -0.019     +0.013   +0.065    +0.004  +0.051    -0.013     -0.023     +0.024   +0.093    -0.002  +0.083    -0.016     -0.016     +0.024   +0.086    +0.011  +0.085    +0.000     -0.069     +0.065    +0.121     -0.001      +0.016      -0.004   +0.009    -0.105    +0.176     +0.007      -0.022      +0.011   -0.056    +0.155     +0.004      -0.003      -0.012   -0.066   +0.175    -0.004     +0.002     +0.000  +0.063   +0.200    +0.004       +0.001       -0.003       +0.003       -0.004  -0.063
                         :     nbjets_m:  +0.127   +1.000   +0.015    +0.004     -0.006     -0.008  +0.017   +0.033    -0.003  +0.042    -0.007     -0.044     +0.013   +0.022    -0.006  +0.013    +0.002     -0.020     -0.009   +0.058    -0.007  +0.053    +0.010     -0.009     +0.009   +0.028    -0.007  +0.019    +0.031     +0.112     -0.100    +0.064     -0.004      +0.004      -0.006   +0.016    -0.071    +0.066     -0.008      +0.007      +0.005   +0.029    +0.037     -0.007      +0.000      -0.001   +0.007   +0.034    +0.000     -0.001     +0.007  +0.023   +0.069    -0.007       +0.002       -0.007       -0.006       +0.007  +0.022
                         :     DRlepWpt:  +0.136   +0.015   +1.000    -0.017     -0.004     -0.005  +0.234   -0.090    -0.000  -0.090    -0.009     +0.023     +0.011   +0.311    -0.003  +0.266    -0.042     -0.074     +0.073   +0.323    +0.002  +0.282    -0.040     -0.079     +0.050   +0.235    +0.000  +0.207    -0.003     -0.096     +0.091    +0.465     +0.003      +0.001      -0.004   +0.171    -0.358    +0.430     +0.004      +0.001      +0.006   +0.106    +0.413     -0.001      +0.007      -0.001   +0.092   +0.767    -0.009     -0.005     +0.005  +0.212   +0.552    +0.002       +0.009       -0.004       +0.012       -0.007  +0.129
                         :    DRlepWeta:  -0.004   +0.004   -0.017    +1.000     +0.822     +0.002  +0.005   +0.001    +0.626  +0.002    +0.018     +0.009     -0.012   -0.008    +0.134  -0.007    +0.012     +0.008     -0.012   -0.008    +0.124  -0.007    +0.014     -0.003     +0.002   +0.002    +0.170  -0.001    +0.005     +0.014     -0.011    -0.014     +0.117      -0.001      -0.001   +0.001    +0.015    -0.000     +0.154      -0.020      +0.013   -0.005    -0.005     +0.161      -0.024      -0.008   -0.002   -0.016    +0.850     +0.151     +0.003  +0.012   -0.007    +0.150       +0.059       +0.091       +0.007       +0.006  -0.004
                         :   DRlepWdeta:  +0.005   -0.006   -0.004    +0.822     +1.000     -0.004  -0.001   +0.004    +0.641  +0.000    +0.019     +0.010     -0.021   +0.001    +0.142  -0.002    +0.017     +0.008     -0.020   -0.003    +0.138  -0.004    +0.016     +0.001     +0.001   +0.009    +0.172  +0.004    -0.001     +0.006     -0.004    -0.003     +0.127      -0.007      -0.004   +0.002    +0.003    +0.007     +0.160      -0.008      +0.007   -0.002    +0.006     +0.161      -0.014      -0.003   -0.000   -0.005    +0.786     +0.166     +0.009  +0.008   +0.005    +0.154       +0.074       +0.088       -0.001       +0.008  -0.001
                         :   DRlepWdphi:  +0.013   -0.008   -0.005    +0.002     -0.004     +1.000  -0.006   +0.005    -0.002  -0.009    +0.015     -0.000     -0.017   +0.004    -0.008  +0.007    -0.004     -0.011     +0.007   -0.012    -0.009  -0.011    -0.005     -0.011     +0.011   +0.006    -0.007  +0.001    +0.007     -0.009     +0.007    -0.007     -0.011      +0.000      -0.021   +0.015    +0.006    -0.007     -0.010      -0.004      +0.036   +0.001    +0.002     -0.007      +0.002      +0.025   +0.003   +0.001    +0.000     -0.005     -0.390  -0.009   -0.006    -0.010       -0.009       -0.006       +0.039       -0.012  +0.006
                         :      DRlepWm:  +0.056   +0.017   +0.234    +0.005     -0.001     -0.006  +1.000   +0.013    +0.008  +0.027    -0.012     -0.027     +0.005   +0.090    +0.008  +0.081    -0.052     -0.024     +0.046   +0.094    +0.017  +0.080    -0.035     -0.023     +0.018   +0.084    +0.014  +0.071    +0.003     -0.018     +0.002    +0.136     +0.012      -0.013      -0.003   +0.003    -0.115    +0.135     +0.014      +0.004      +0.007   +0.025    +0.124     +0.011      -0.007      +0.004   +0.037   +0.169    +0.011     +0.001     -0.003  +0.782   +0.165    +0.013       +0.006       +0.012       +0.004       -0.002  +0.030
                         :     DRjet0pt:  +0.095   +0.033   -0.090    +0.001     +0.004     +0.005  +0.013   +1.000    +0.011  +0.791    -0.001     -0.141     +0.028   +0.196    +0.001  +0.154    -0.027     -0.040     +0.034   +0.252    -0.004  +0.210    -0.029     -0.043     +0.036   +0.167    +0.004  +0.135    -0.024     -0.112     +0.106    +0.329     -0.001      +0.004      +0.010   +0.107    -0.262    +0.295     +0.002      -0.005      -0.002   +0.127    +0.254     +0.002      -0.009      -0.003   +0.089   +0.505    +0.005     -0.013     +0.003  +0.282   +0.363    -0.000       -0.009       +0.004       -0.007       -0.008  +0.134
                         :    DRjet0eta:  -0.001   -0.003   -0.000    +0.626     +0.641     -0.002  +0.008   +0.011    +1.000  +0.011    +0.024     +0.010     -0.019   +0.005    +0.202  +0.007    +0.020     +0.002     -0.011   -0.007    +0.199  -0.010    +0.011     +0.006     +0.007   +0.003    +0.227  +0.000    +0.006     +0.014     -0.008    -0.008     +0.204      -0.010      +0.001   +0.003    +0.012    -0.002     +0.222      -0.009      +0.014   -0.011    +0.006     +0.230      -0.023      -0.000   -0.006   -0.001    +0.873     -0.457     +0.012  +0.015   -0.002    +0.225       +0.114       +0.121       +0.011       +0.009  -0.010
                         :      DRjet0m:  +0.077   +0.042   -0.090    +0.002     +0.000     -0.009  +0.027   +0.791    +0.011  +1.000    -0.047     -0.197     +0.080   +0.142    -0.006  +0.128    -0.006     -0.029     +0.018   +0.195    -0.013  +0.180    -0.017     -0.031     +0.030   +0.128    -0.004  +0.120    -0.021     -0.071     +0.070    +0.247     -0.012      +0.008      +0.007   +0.093    -0.195    +0.219     -0.007      -0.010      -0.003   +0.109    +0.183     -0.006      -0.002      -0.009   +0.071   +0.369    +0.005     -0.014     +0.010  +0.297   +0.267    -0.010       -0.013       -0.004       -0.013       -0.001  +0.111
                         :    DRjet0csv:  +0.009   -0.007   -0.009    +0.018     +0.019     +0.015  -0.012   -0.001    +0.024  -0.047    +1.000     +0.264     -0.747   -0.013    -0.005  -0.017    +0.033     +0.010     -0.034   -0.034    +0.017  -0.032    +0.031     +0.012     -0.035   -0.004    +0.012  -0.010    -0.018     -0.025     -0.006    -0.034     +0.008      -0.024      -0.008   -0.016    +0.023    -0.019     +0.011      +0.011      -0.003   -0.024    +0.002     +0.003      -0.021      -0.003   -0.021   -0.018    +0.021     -0.007     -0.022  -0.027   -0.019    +0.008       +0.011       +0.021       +0.001       +0.005  -0.026
                         :   DRjet0cvsl:  -0.019   -0.044   +0.023    +0.009     +0.010     -0.000  -0.027   -0.141    +0.010  -0.197    +0.264     +1.000     -0.287   -0.032    -0.001  -0.034    +0.022     +0.038     -0.025   -0.050    +0.010  -0.048    +0.014     +0.033     -0.018   -0.021    +0.005  -0.025    +0.003     +0.017     -0.005    -0.058     +0.008      -0.015      +0.003   -0.039    +0.048    -0.053     +0.010      +0.002      -0.000   -0.029    -0.036     +0.002      -0.004      +0.001   -0.007   -0.062    +0.009     +0.000     -0.006  -0.094   -0.062    +0.007       +0.004       +0.018       +0.001       -0.002  -0.024
                         :   DRjet0cvsb:  +0.013   +0.013   +0.011    -0.012     -0.021     -0.017  +0.005   +0.028    -0.019  +0.080    -0.747     -0.287     +1.000   +0.007    +0.010  +0.012    -0.028     +0.000     +0.033   +0.038    -0.009  +0.043    -0.025     -0.015     +0.041   +0.015    -0.000  +0.024    +0.012     +0.020     +0.029    +0.035     -0.001      +0.023      +0.001   +0.015    -0.030    +0.029     +0.000      -0.010      +0.004   +0.026    +0.000     +0.005      +0.018      +0.001   +0.020   +0.029    -0.015     -0.002     +0.020  +0.028   +0.025    +0.001       -0.006       -0.016       -0.002       +0.005  +0.026
                         :     DRjet1pt:  +0.065   +0.022   +0.311    -0.008     +0.001     +0.004  +0.090   +0.196    +0.005  +0.142    -0.013     -0.032     +0.007   +1.000    +0.002  +0.854    -0.054     -0.202     +0.124   -0.005    -0.002  +0.011    -0.038     -0.018     +0.044   +0.042    +0.006  +0.013    -0.015     -0.028     +0.027    +0.639     +0.004      -0.000      -0.002   +0.327    -0.442    -0.006     -0.002      -0.008      +0.009   +0.057    +0.727     +0.003      -0.009      -0.010   +0.374   +0.387    -0.003     -0.007     -0.010  +0.109   +0.550    +0.003       -0.002       +0.002       -0.003       +0.007  +0.282
                         :    DRjet1eta:  +0.004   -0.006   -0.003    +0.134     +0.142     -0.008  +0.008   +0.001    +0.202  -0.006    -0.005     -0.001     +0.010   +0.002    +1.000  -0.003    +0.018     +0.018     -0.015   -0.007    +0.623  -0.004    +0.021     +0.012     -0.000   -0.003    +0.623  +0.005    +0.016     +0.013     -0.003    -0.004     +0.853      +0.317      +0.000   -0.015    -0.004    -0.007     +0.678      +0.015      +0.001   -0.002    -0.003     +0.857      +0.359      -0.009   -0.003   -0.007    +0.171     -0.071     +0.010  +0.012   -0.005    +0.831       +0.635       +0.083       -0.005       -0.001  -0.007
                         :      DRjet1m:  +0.051   +0.013   +0.266    -0.007     -0.002     +0.007  +0.081   +0.154    +0.007  +0.128    -0.017     -0.034     +0.012   +0.854    -0.003  +1.000    -0.082     -0.218     +0.158   -0.000    -0.004  +0.015    -0.047     -0.021     +0.044   +0.022    +0.006  +0.017    +0.005     -0.013     +0.012    +0.540     +0.000      -0.003      -0.005   +0.353    -0.344    -0.021     -0.003      -0.007      +0.010   +0.069    +0.597     +0.000      -0.009      -0.013   +0.362   +0.320    -0.001     -0.010     -0.008  +0.099   +0.446    +0.000       -0.005       +0.002       -0.004       +0.011  +0.288
                         :    DRjet1csv:  -0.013   +0.002   -0.042    +0.012     +0.017     -0.004  -0.052   -0.027    +0.020  -0.006    +0.033     +0.022     -0.028   -0.054    +0.018  -0.082    +1.000     +0.162     -0.701   -0.003    +0.004  -0.012    +0.480     +0.115     -0.325   -0.000    +0.011  -0.000    +0.016     +0.075     -0.084    -0.044     +0.013      +0.010      +0.008   +0.021    +0.031    -0.011     +0.006      -0.004      -0.006   +0.012    -0.050     +0.017      +0.009      -0.003   -0.004   -0.054    +0.016     -0.004     +0.000  -0.043   -0.048    +0.012       +0.005       -0.005       -0.008       -0.001  +0.008
                         :   DRjet1cvsl:  -0.023   -0.020   -0.074    +0.008     +0.008     -0.011  -0.024   -0.040    +0.002  -0.029    +0.010     +0.038     +0.000   -0.202    +0.018  -0.218    +0.162     +1.000     -0.217   -0.016    +0.003  -0.024    +0.068     +0.042     -0.051   -0.010    +0.005  -0.009    -0.000     +0.004     -0.005    -0.141     +0.013      +0.013      +0.014   -0.088    +0.093    -0.014     +0.003      +0.006      -0.021   -0.018    -0.150     +0.013      +0.014      +0.003   -0.074   -0.089    +0.007     +0.002     -0.004  -0.028   -0.123    +0.011       +0.021       -0.008       -0.005       -0.008  -0.063
                         :   DRjet1cvsb:  +0.024   -0.009   +0.073    -0.012     -0.020     +0.007  +0.046   +0.034    -0.011  +0.018    -0.034     -0.025     +0.033   +0.124    -0.015  +0.158    -0.701     -0.217     +1.000   +0.009    -0.009  +0.015    -0.355     -0.092     +0.253   +0.014    -0.008  +0.016    -0.006     -0.060     +0.073    +0.093     -0.014      -0.005      -0.009   +0.010    -0.066    +0.017     -0.012      +0.001      +0.005   -0.004    +0.103     -0.014      -0.005      +0.002   +0.030   +0.085    -0.009     -0.002     -0.000  +0.042   +0.089    -0.014       -0.006       -0.002       +0.011       +0.000  +0.015
                         :     DRjet2pt:  +0.093   +0.058   +0.323    -0.008     -0.003     -0.012  +0.094   +0.252    -0.007  +0.195    -0.034     -0.050     +0.038   -0.005    -0.007  -0.000    -0.003     -0.016     +0.009   +1.000    +0.001  +0.876    -0.003     -0.180     +0.046   +0.062    -0.014  +0.044    -0.003     -0.031     +0.012    +0.722     -0.003      -0.006      -0.014   +0.407    -0.460    +0.763     -0.002      +0.010      +0.003   +0.438    -0.005     -0.010      +0.007      -0.004   +0.064   +0.428    -0.007     -0.008     +0.004  +0.145   +0.615    -0.005       -0.000       -0.001       -0.004       +0.012  +0.341
                         :    DRjet2eta:  -0.002   -0.007   +0.002    +0.124     +0.138     -0.009  +0.017   -0.004    +0.199  -0.013    +0.017     +0.010     -0.009   -0.002    +0.623  -0.004    +0.004     +0.003     -0.009   +0.001    +1.000  +0.009    +0.010     +0.003     +0.004   +0.007    +0.638  +0.011    +0.009     +0.004     +0.011    -0.002     +0.868      -0.399      +0.005   +0.001    +0.000    +0.005     +0.867      +0.393      +0.002   +0.005    +0.001     +0.689      -0.041      -0.002   +0.011   -0.007    +0.165     -0.072     +0.009  +0.026   +0.001    +0.846       +0.638       +0.614       +0.003       -0.003  +0.008
                         :      DRjet2m:  +0.083   +0.053   +0.282    -0.007     -0.004     -0.011  +0.080   +0.210    -0.010  +0.180    -0.032     -0.048     +0.043   +0.011    -0.004  +0.015    -0.012     -0.024     +0.015   +0.876    +0.009  +1.000    -0.021     -0.207     +0.067   +0.047    -0.008  +0.048    -0.002     -0.021     -0.002    +0.632     +0.003      -0.016      -0.017   +0.438    -0.371    +0.653     +0.006      +0.013      +0.004   +0.423    -0.004     -0.001      +0.003      -0.001   +0.078   +0.366    -0.008     -0.005     +0.004  +0.124   +0.528    +0.003       +0.003       +0.008       -0.004       +0.012  +0.346
                         :    DRjet2csv:  -0.016   +0.010   -0.040    +0.014     +0.016     -0.005  -0.035   -0.029    +0.011  -0.017    +0.031     +0.014     -0.025   -0.038    +0.021  -0.047    +0.480     +0.068     -0.355   -0.003    +0.010  -0.021    +1.000     +0.264     -0.677   +0.008    +0.015  +0.001    +0.050     +0.152     -0.170    -0.038     +0.018      +0.009      -0.008   +0.018    +0.039    -0.016     +0.014      +0.007      +0.016   +0.035    -0.044     +0.018      +0.018      +0.009   +0.022   -0.056    +0.014     +0.008     +0.005  -0.035   -0.048    +0.018       +0.019       -0.002       +0.013       +0.003  +0.033
                         :   DRjet2cvsl:  -0.016   -0.009   -0.079    -0.003     +0.001     -0.011  -0.023   -0.043    +0.006  -0.031    +0.012     +0.033     -0.015   -0.018    +0.012  -0.021    +0.115     +0.042     -0.092   -0.180    +0.003  -0.207    +0.264     +1.000     -0.269   -0.015    +0.007  -0.015    +0.008     +0.039     -0.039    -0.145     +0.005      +0.020      +0.003   -0.081    +0.090    -0.149     +0.001      -0.004      +0.003   -0.071    -0.021     +0.007      +0.010      +0.020   -0.026   -0.097    -0.000     -0.001     +0.014  -0.027   -0.131    +0.005       +0.004       -0.011       +0.015       -0.020  -0.070
                         :   DRjet2cvsb:  +0.024   +0.009   +0.050    +0.002     +0.001     +0.011  +0.018   +0.036    +0.007  +0.030    -0.035     -0.018     +0.041   +0.044    -0.000  +0.044    -0.325     -0.051     +0.253   +0.046    +0.004  +0.067    -0.677     -0.269     +1.000   -0.004    -0.004  +0.002    -0.043     -0.115     +0.118    +0.072     -0.002      -0.005      +0.002   +0.007    -0.056    +0.047     -0.004      -0.003      -0.007   -0.007    +0.044     +0.001      -0.011      -0.012   -0.002   +0.063    +0.006     -0.010     -0.026  +0.027   +0.073    -0.002       -0.004       +0.011       -0.020       +0.003  -0.001
                         :     DRjet3pt:  +0.086   +0.028   +0.235    +0.002     +0.009     +0.006  +0.084   +0.167    +0.003  +0.128    -0.004     -0.021     +0.015   +0.042    -0.003  +0.022    -0.000     -0.010     +0.014   +0.062    +0.007  +0.047    +0.008     -0.015     -0.004   +1.000    +0.007  +0.848    +0.050     +0.028     +0.003    +0.080     +0.004      -0.000      -0.008   +0.025    -0.071    +0.524     +0.009      +0.003      +0.005   +0.391    +0.553     +0.005      -0.005      -0.009   +0.387   +0.308    -0.003     +0.008     -0.004  +0.100   +0.409    +0.007       +0.005       +0.004       -0.014       +0.004  +0.405
                         :    DRjet3eta:  +0.011   -0.007   +0.000    +0.170     +0.172     -0.007  +0.014   +0.004    +0.227  -0.004    +0.012     +0.005     -0.000   +0.006    +0.623  +0.006    +0.011     +0.005     -0.008   -0.014    +0.638  -0.008    +0.015     +0.007     -0.004   +0.007    +1.000  +0.012    +0.030     +0.009     -0.002    -0.005     +0.686      -0.045      +0.005   -0.008    -0.001    -0.012     +0.860      -0.284      -0.007   -0.003    +0.007     +0.858      -0.339      -0.007   +0.005   -0.005    +0.206     -0.069     -0.006  +0.023   -0.005    +0.833       +0.184       +0.569       -0.006       -0.007  +0.001
                         :      DRjet3m:  +0.085   +0.019   +0.207    -0.001     +0.004     +0.001  +0.071   +0.135    +0.000  +0.120    -0.010     -0.025     +0.024   +0.013    +0.005  +0.017    -0.000     -0.009     +0.016   +0.044    +0.011  +0.048    +0.001     -0.015     +0.002   +0.848    +0.012  +1.000    +0.094     +0.048     -0.031    +0.049     +0.012      +0.001      -0.005   -0.003    -0.056    +0.435     +0.015      +0.001      +0.006   +0.345    +0.453     +0.012      -0.006      -0.010   +0.332   +0.260    -0.005     +0.009     -0.005  +0.092   +0.331    +0.015       +0.006       +0.009       -0.012       +0.005  +0.341
                         :    DRjet3csv:  +0.000   +0.031   -0.003    +0.005     -0.001     +0.007  +0.003   -0.024    +0.006  -0.021    -0.018     +0.003     +0.012   -0.015    +0.016  +0.005    +0.016     -0.000     -0.006   -0.003    +0.009  -0.002    +0.050     +0.008     -0.043   +0.050    +0.030  +0.094    +1.000     +0.118     -0.007    -0.016     +0.014      +0.000      +0.003   -0.009    +0.022    +0.001     +0.021      -0.008      +0.007   +0.045    -0.006     +0.022      -0.011      -0.007   +0.053   -0.028    +0.008     -0.008     -0.018  +0.003   -0.018    +0.022       -0.000       +0.018       -0.002       +0.007  +0.048
                         :   DRjet3cvsl:  -0.069   +0.112   -0.096    +0.014     +0.006     -0.009  -0.018   -0.112    +0.014  -0.071    -0.025     +0.017     +0.020   -0.028    +0.013  -0.013    +0.075     +0.004     -0.060   -0.031    +0.004  -0.021    +0.152     +0.039     -0.115   +0.028    +0.009  +0.048    +0.118     +1.000     -0.749    -0.067     +0.011      +0.016      +0.001   +0.020    +0.105    -0.101     +0.013      -0.005      +0.003   +0.187    -0.099     +0.017      +0.001      -0.007   +0.183   -0.176    +0.020     -0.009     +0.003  -0.036   -0.142    +0.016       +0.007       +0.003       -0.003       +0.002  +0.195
                         :   DRjet3cvsb:  +0.065   -0.100   +0.091    -0.011     -0.004     +0.007  +0.002   +0.106    -0.008  +0.070    -0.006     -0.005     +0.029   +0.027    -0.003  +0.012    -0.084     -0.005     +0.073   +0.012    +0.011  -0.002    -0.170     -0.039     +0.118   +0.003    -0.002  -0.031    -0.007     -0.749     +1.000    +0.049     +0.004      -0.016      -0.003   -0.032    -0.085    +0.097     +0.001      +0.005      +0.006   -0.172    +0.109     -0.009      -0.008      -0.005   -0.158   +0.168    -0.013     -0.001     +0.005  +0.019   +0.135    -0.002       -0.003       +0.010       +0.004       +0.007  -0.180
                         :    DRjet12pt:  +0.121   +0.064   +0.465    -0.014     -0.003     -0.007  +0.136   +0.329    -0.008  +0.247    -0.034     -0.058     +0.035   +0.639    -0.004  +0.540    -0.044     -0.141     +0.093   +0.722    -0.002  +0.632    -0.038     -0.145     +0.072   +0.080    -0.005  +0.049    -0.016     -0.067     +0.049    +1.000     -0.000      -0.004      -0.015   +0.386    -0.771    +0.575     -0.002      +0.001      +0.004   +0.327    +0.490     -0.005      +0.001      -0.014   +0.264   +0.600    -0.011     -0.002     -0.003  +0.193   +0.864    -0.001       -0.001       +0.000       -0.007       +0.012  +0.378
                         :   DRjet12eta:  -0.001   -0.004   +0.003    +0.117     +0.127     -0.011  +0.012   -0.001    +0.204  -0.012    +0.008     +0.008     -0.001   +0.004    +0.853  +0.000    +0.013     +0.013     -0.014   -0.003    +0.868  +0.003    +0.018     +0.005     -0.002   +0.004    +0.686  +0.012    +0.014     +0.011     +0.004    -0.000     +1.000      -0.053      +0.006   -0.005    -0.004    -0.000     +0.844      +0.193      -0.003   +0.002    +0.004     +0.839      +0.133      -0.005   +0.003   -0.006    +0.162     -0.085     +0.015  +0.019   +0.001    +0.938       +0.689       +0.380       -0.002       -0.006  +0.001
                         :  DRjet12deta:  +0.016   +0.004   +0.001    -0.001     -0.007     +0.000  -0.013   +0.004    -0.010  +0.008    -0.024     -0.015     +0.023   -0.000    +0.317  -0.003    +0.010     +0.013     -0.005   -0.006    -0.399  -0.016    +0.009     +0.020     -0.005   -0.000    -0.045  +0.001    +0.000     +0.016     -0.016    -0.004     -0.053      +1.000      -0.000   -0.022    -0.009    -0.003     -0.208      -0.475      +0.006   -0.008    -0.002     +0.114      +0.465      -0.002   -0.013   +0.003    -0.006     +0.004     -0.000  -0.017   -0.004    -0.054       -0.040       -0.711       -0.001       -0.005  -0.015
                         :  DRjet12dphi:  -0.004   -0.006   -0.004    -0.001     -0.004     -0.021  -0.003   +0.010    +0.001  +0.007    -0.008     +0.003     +0.001   -0.002    +0.000  -0.005    +0.008     +0.014     -0.009   -0.014    +0.005  -0.017    -0.008     +0.003     +0.002   -0.008    +0.005  -0.005    +0.003     +0.001     -0.003    -0.015     +0.006      -0.000      +1.000   -0.005    +0.022    -0.012     +0.005      +0.004      -0.382   -0.011    -0.004     +0.003      -0.000      +0.386   -0.006   +0.004    +0.003     +0.003     +0.000  +0.003   -0.013    +0.010       +0.004       -0.000       +0.004       -0.723  -0.009
                         :     DRjet12m:  +0.009   +0.016   +0.171    +0.001     +0.002     +0.015  +0.003   +0.107    +0.003  +0.093    -0.016     -0.039     +0.015   +0.327    -0.015  +0.353    +0.021     -0.088     +0.010   +0.407    +0.001  +0.438    +0.018     -0.081     +0.007   +0.025    -0.008  -0.003    -0.009     +0.020     -0.032    +0.386     -0.005      -0.022      -0.005   +1.000    +0.077    +0.251     -0.004      +0.007      +0.013   +0.328    +0.180     -0.011      -0.014      +0.005   +0.263   +0.212    +0.001     -0.009     -0.010  +0.019   +0.298    -0.004       -0.007       +0.009       -0.005       +0.009  +0.512
                         :    DRjet12DR:  -0.105   -0.071   -0.358    +0.015     +0.003     +0.006  -0.115   -0.262    +0.012  -0.195    +0.023     +0.048     -0.030   -0.442    -0.004  -0.344    +0.031     +0.093     -0.066   -0.460    +0.000  -0.371    +0.039     +0.090     -0.056   -0.071    -0.001  -0.056    +0.022     +0.105     -0.085    -0.771     -0.004      -0.009      +0.022   +0.077    +1.000    -0.425     -0.003      +0.005      +0.000   -0.123    -0.397     -0.003      -0.004      +0.017   -0.098   -0.471    +0.012     -0.007     +0.005  -0.175   -0.691    -0.003       -0.002       +0.002       +0.010       -0.012  -0.089
                         :    DRjet23pt:  +0.176   +0.066   +0.430    -0.000     +0.007     -0.007  +0.135   +0.295    -0.002  +0.219    -0.019     -0.053     +0.029   -0.006    -0.007  -0.021    -0.011     -0.014     +0.017   +0.763    +0.005  +0.653    -0.016     -0.149     +0.047   +0.524    -0.012  +0.435    +0.001     -0.101     +0.097    +0.575     -0.000      -0.003      -0.012   +0.251    -0.425    +1.000     -0.000      +0.010      -0.001   +0.270    +0.298     -0.008      +0.009      -0.005   +0.140   +0.550    -0.005     +0.002     +0.006  +0.182   +0.778    -0.003       +0.005       -0.006       -0.006       -0.000  +0.258
                         :   DRjet23eta:  +0.007   -0.008   +0.004    +0.154     +0.160     -0.010  +0.014   +0.002    +0.222  -0.007    +0.011     +0.010     +0.000   -0.002    +0.678  -0.003    +0.006     +0.003     -0.012   -0.002    +0.867  +0.006    +0.014     +0.001     -0.004   +0.009    +0.860  +0.015    +0.021     +0.013     +0.001    -0.002     +0.844      -0.208      +0.005   -0.004    -0.003    -0.000     +1.000      +0.050      -0.001   +0.006    +0.001     +0.832      -0.172      -0.000   +0.012   -0.005    +0.195     -0.074     -0.002  +0.027   -0.001    +0.935       +0.432       +0.639       +0.001       -0.007  +0.009
                         :  DRjet23deta:  -0.022   +0.007   +0.001    -0.020     -0.008     -0.004  +0.004   -0.005    -0.009  -0.010    +0.011     +0.002     -0.010   -0.008    +0.015  -0.007    -0.004     +0.006     +0.001   +0.010    +0.393  +0.013    +0.007     -0.004     -0.003   +0.003    -0.284  +0.001    -0.008     -0.005     +0.005    +0.001     +0.193      -0.475      +0.004   +0.007    +0.005    +0.010     +0.050      +1.000      +0.001   +0.011    -0.005     -0.118      +0.311      +0.004   +0.009   -0.002    -0.021     +0.005     +0.013  +0.007   +0.002    +0.049       +0.593       +0.104       +0.002       +0.001  +0.010
                         :  DRjet23dphi:  +0.011   +0.005   +0.006    +0.013     +0.007     +0.036  +0.007   -0.002    +0.014  -0.003    -0.003     -0.000     +0.004   +0.009    +0.001  +0.010    -0.006     -0.021     +0.005   +0.003    +0.002  +0.004    +0.016     +0.003     -0.007   +0.005    -0.007  +0.006    +0.007     +0.003     +0.006    +0.004     -0.003      +0.006      -0.382   +0.013    +0.000    -0.001     -0.001      +0.001      +1.000   +0.000    +0.018     -0.002      +0.001      +0.105   -0.008   +0.002    +0.011     -0.012     -0.010  +0.006   +0.005    -0.000       -0.003       -0.003       +0.560       +0.232  -0.002
                         :     DRjet23m:  -0.056   +0.029   +0.106    -0.005     -0.002     +0.001  +0.025   +0.127    -0.011  +0.109    -0.024     -0.029     +0.026   +0.057    -0.002  +0.069    +0.012     -0.018     -0.004   +0.438    +0.005  +0.423    +0.035     -0.071     -0.007   +0.391    -0.003  +0.345    +0.045     +0.187     -0.172    +0.327     +0.002      -0.008      -0.011   +0.328    -0.123    +0.270     +0.006      +0.011      +0.000   +1.000    +0.142     +0.004      -0.002      -0.009   +0.488   +0.166    -0.006     +0.006     -0.011  +0.055   +0.233    +0.007       +0.004       +0.010       -0.020       +0.015  +0.850
                         :    DRjet31pt:  +0.155   +0.037   +0.413    -0.005     +0.006     +0.002  +0.124   +0.254    +0.006  +0.183    +0.002     -0.036     +0.000   +0.727    -0.003  +0.597    -0.050     -0.150     +0.103   -0.005    +0.001  -0.004    -0.044     -0.021     +0.044   +0.553    +0.007  +0.453    -0.006     -0.099     +0.109    +0.490     +0.004      -0.002      -0.004   +0.180    -0.397    +0.298     +0.001      -0.005      +0.018   +0.142    +1.000     +0.001      -0.009      -0.011   +0.214   +0.515    -0.004     -0.003     -0.010  +0.147   +0.721    +0.003       +0.001       +0.002       +0.003       -0.000  +0.212
                         :   DRjet31eta:  +0.004   -0.007   -0.001    +0.161     +0.161     -0.007  +0.011   +0.002    +0.230  -0.006    +0.003     +0.002     +0.005   +0.003    +0.857  +0.000    +0.017     +0.013     -0.014   -0.010    +0.689  -0.001    +0.018     +0.007     +0.001   +0.005    +0.858  +0.012    +0.022     +0.017     -0.009    -0.005     +0.839      +0.114      +0.003   -0.011    -0.003    -0.008     +0.832      -0.118      -0.002   +0.004    +0.001     +1.000      -0.004      -0.019   +0.011   -0.006    +0.202     -0.079     +0.001  +0.018   -0.006    +0.931       +0.427       +0.357       -0.006       -0.004  +0.006
                         :  DRjet31deta:  -0.003   +0.000   +0.007    -0.024     -0.014     +0.002  -0.007   -0.009    -0.023  -0.002    -0.021     -0.004     +0.018   -0.009    +0.359  -0.009    +0.009     +0.014     -0.005   +0.007    -0.041  +0.003    +0.018     +0.010     -0.011   -0.005    -0.339  -0.006    -0.011     +0.001     -0.008    +0.001     +0.133      +0.465      -0.000   -0.014    -0.004    +0.009     -0.172      +0.311      +0.001   -0.002    -0.009     -0.004      +1.000      +0.001   -0.010   +0.003    -0.027     +0.013     +0.006  -0.009   +0.001    -0.013       +0.544       -0.644       +0.005       -0.001  -0.010
                         :  DRjet31dphi:  -0.012   -0.001   -0.001    -0.008     -0.003     +0.025  +0.004   -0.003    -0.000  -0.009    -0.003     +0.001     +0.001   -0.010    -0.009  -0.013    -0.003     +0.003     +0.002   -0.004    -0.002  -0.001    +0.009     +0.020     -0.012   -0.009    -0.007  -0.010    -0.007     -0.007     -0.005    -0.014     -0.005      -0.002      +0.386   +0.005    +0.017    -0.005     -0.000      +0.004      +0.105   -0.009    -0.011     -0.019      +0.001      +1.000   -0.010   -0.003    -0.004     -0.002     +0.001  -0.003   -0.013    -0.008       -0.003       -0.004       +0.560       -0.653  -0.009
                         :     DRjet31m:  -0.066   +0.007   +0.092    -0.002     -0.000     +0.003  +0.037   +0.089    -0.006  +0.071    -0.021     -0.007     +0.020   +0.374    -0.003  +0.362    -0.004     -0.074     +0.030   +0.064    +0.011  +0.078    +0.022     -0.026     -0.002   +0.387    +0.005  +0.332    +0.053     +0.183     -0.158    +0.264     +0.003      -0.013      -0.006   +0.263    -0.098    +0.140     +0.012      +0.009      -0.008   +0.488    +0.214     +0.011      -0.010      -0.010   +1.000   +0.129    -0.003     +0.012     -0.007  +0.054   +0.183    +0.014       -0.003       +0.018       -0.022       +0.013  +0.834
                         :     DRlepTpt:  +0.175   +0.034   +0.767    -0.016     -0.005     +0.001  +0.169   +0.505    -0.001  +0.369    -0.018     -0.062     +0.029   +0.387    -0.007  +0.320    -0.054     -0.089     +0.085   +0.428    -0.007  +0.366    -0.056     -0.097     +0.063   +0.308    -0.005  +0.260    -0.028     -0.176     +0.168    +0.600     -0.006      +0.003      +0.004   +0.212    -0.471    +0.550     -0.005      -0.002      +0.002   +0.166    +0.515     -0.006      +0.003      -0.003   +0.129   +1.000    -0.013     -0.009     +0.008  +0.229   +0.699    -0.006       -0.001       -0.006       +0.004       -0.010  +0.188
                         :    DRlepTeta:  -0.004   +0.000   -0.009    +0.850     +0.786     +0.000  +0.011   +0.005    +0.873  +0.005    +0.021     +0.009     -0.015   -0.003    +0.171  -0.001    +0.016     +0.007     -0.009   -0.007    +0.165  -0.008    +0.014     -0.000     +0.006   -0.003    +0.206  -0.005    +0.008     +0.020     -0.013    -0.011     +0.162      -0.006      +0.003   +0.001    +0.012    -0.005     +0.195      -0.021      +0.011   -0.006    -0.004     +0.202      -0.027      -0.004   -0.003   -0.013    +1.000     -0.174     +0.010  +0.019   -0.008    +0.192       +0.084       +0.111       +0.008       +0.010  -0.005
                         :   DRlepTdeta:  +0.002   -0.001   -0.005    +0.151     +0.166     -0.005  +0.001   -0.013    -0.457  -0.014    -0.007     +0.000     -0.002   -0.007    -0.071  -0.010    -0.004     +0.002     -0.002   -0.008    -0.072  -0.005    +0.008     -0.001     -0.010   +0.008    -0.069  +0.009    -0.008     -0.009     -0.001    -0.002     -0.085      +0.004      +0.003   -0.009    -0.007    +0.002     -0.074      +0.005      -0.012   +0.006    -0.003     -0.079      +0.013      -0.002   +0.012   -0.009    -0.174     +1.000     -0.002  -0.001   +0.001    -0.081       -0.042       -0.044       -0.006       -0.002  +0.010
                         :   DRlepTdphi:  +0.000   +0.007   +0.005    +0.003     +0.009     -0.390  -0.003   +0.003    +0.012  +0.010    -0.022     -0.006     +0.020   -0.010    +0.010  -0.008    +0.000     -0.004     -0.000   +0.004    +0.009  +0.004    +0.005     +0.014     -0.026   -0.004    -0.006  -0.005    -0.018     +0.003     +0.005    -0.003     +0.015      -0.000      +0.000   -0.010    +0.005    +0.006     -0.002      +0.013      -0.010   -0.011    -0.010     +0.001      +0.006      +0.001   -0.007   +0.008    +0.010     -0.002     +1.000  -0.003   -0.002    +0.003       +0.012       -0.004       -0.024       -0.004  -0.012
                         :      DRlepTm:  +0.063   +0.023   +0.212    +0.012     +0.008     -0.009  +0.782   +0.282    +0.015  +0.297    -0.027     -0.094     +0.028   +0.109    +0.012  +0.099    -0.043     -0.028     +0.042   +0.145    +0.026  +0.124    -0.035     -0.027     +0.027   +0.100    +0.023  +0.092    +0.003     -0.036     +0.019    +0.193     +0.019      -0.017      +0.003   +0.019    -0.175    +0.182     +0.027      +0.007      +0.006   +0.055    +0.147     +0.018      -0.009      -0.003   +0.054   +0.229    +0.019     -0.001     -0.003  +1.000   +0.220    +0.022       +0.009       +0.023       -0.001       -0.004  +0.057
                         :     DRhadTpt:  +0.200   +0.069   +0.552    -0.007     +0.005     -0.006  +0.165   +0.363    -0.002  +0.267    -0.019     -0.062     +0.025   +0.550    -0.005  +0.446    -0.048     -0.123     +0.089   +0.615    +0.001  +0.528    -0.048     -0.131     +0.073   +0.409    -0.005  +0.331    -0.018     -0.142     +0.135    +0.864     +0.001      -0.004      -0.013   +0.298    -0.691    +0.778     -0.001      +0.002      +0.005   +0.233    +0.721     -0.006      +0.001      -0.013   +0.183   +0.699    -0.008     +0.001     -0.002  +0.220   +1.000    -0.002       +0.002       -0.002       -0.004       +0.003  +0.263
                         :    DRhadTeta:  +0.004   -0.007   +0.002    +0.150     +0.154     -0.010  +0.013   -0.000    +0.225  -0.010    +0.008     +0.007     +0.001   +0.003    +0.831  +0.000    +0.012     +0.011     -0.014   -0.005    +0.846  +0.003    +0.018     +0.005     -0.002   +0.007    +0.833  +0.015    +0.022     +0.016     -0.002    -0.001     +0.938      -0.054      +0.010   -0.004    -0.003    -0.003     +0.935      +0.049      -0.000   +0.007    +0.003     +0.931      -0.013      -0.008   +0.014   -0.006    +0.192     -0.081     +0.003  +0.022   -0.002    +1.000       +0.539       +0.481       -0.002       -0.006  +0.010
