Using TensorFlow backend.
2017-12-26 14:13:09.760635: I tensorflow/core/common_runtime/gpu/gpu_device.cc:1030] Found device 0 with properties: 
name: TITAN Xp major: 6 minor: 1 memoryClockRate(GHz): 1.582
pciBusID: 0000:83:00.0
totalMemory: 11.90GiB freeMemory: 11.74GiB
2017-12-26 14:13:09.760711: I tensorflow/core/common_runtime/gpu/gpu_device.cc:1120] Creating TensorFlow device (/device:GPU:0) -> (device: 0, name: TITAN Xp, pci bus id: 0000:83:00.0, compute capability: 6.1)
DataSetInfo              : [keras_Hut14] : Added class "Signal"
                         : Add Tree tmva_tree of type Signal with 22928 events
                         : Add Tree tmva_tree of type Signal with 23409 events
DataSetInfo              : [keras_Hut14] : Added class "Background"
                         : Add Tree tmva_tree of type Background with 6159 events
                         : Add Tree tmva_tree of type Background with 3768 events
                         : Add Tree tmva_tree of type Background with 4878 events
                         : Add Tree tmva_tree of type Background with 4877 events
                         : Add Tree tmva_tree of type Background with 46053 events
                         : Add Tree tmva_tree of type Background with 64226 events
                         : Add Tree tmva_tree of type Background with 19461 events
                         : Add Tree tmva_tree of type Background with 197132 events
                         : Add Tree tmva_tree of type Background with 278670 events
Factory                  : Booking method: [1mBDT[0m
                         : 
DataSetFactory           : [keras_Hut14] : Number of events in input trees
                         : Dataset[keras_Hut14] :     Signal     requirement: "nevt %5 != 0"
                         : Dataset[keras_Hut14] :     Signal          -- number of events passed: 37067  / sum of weights: 2172.73
                         : Dataset[keras_Hut14] :     Signal          -- efficiency             : 0.800304
                         : Dataset[keras_Hut14] :     Background requirement: "nevt %5 != 0"
                         : Dataset[keras_Hut14] :     Background      -- number of events passed: 500168  / sum of weights: 44464.8
                         : Dataset[keras_Hut14] :     Background      -- efficiency             : 0.800293
                         : Dataset[keras_Hut14] :  you have opted for interpreting the requested number of training/testing events
                         :  to be the number of events AFTER your preselection cuts
                         : 
                         : Dataset[keras_Hut14] :  you have opted for interpreting the requested number of training/testing events
                         :  to be the number of events AFTER your preselection cuts
                         : 
                         : Number of training and testing events
                         : ---------------------------------------------------------------------------
                         : Signal     -- training events            : 27000
                         : Signal     -- testing events             : 10067
                         : Signal     -- training and testing events: 37067
                         : Dataset[keras_Hut14] : Signal     -- due to the preselection a scaling factor has been applied to the numbers of requested events: 0.799944
                         : Background -- training events            : 370000
                         : Background -- testing events             : 130168
                         : Background -- training and testing events: 500168
                         : Dataset[keras_Hut14] : Background -- due to the preselection a scaling factor has been applied to the numbers of requested events: 0.799982
                         : 
DataSetInfo              : Correlation matrix (Signal):
                         : ---------------------------------------------------------------------------------------------------------------------------------------------------------------------------------------------------------------------------------------------------------------------------------------------------------------------------------------------------------------------------------------------------------------------------------------------------------------------------------------------------------------------------------------------------------------------------------------------------------------------------------------
                         :                 njets nbjets_m DRlepWpt DRlepWeta DRlepWdeta DRlepWdphi DRlepWm DRjet0pt DRjet0eta DRjet0m DRjet0csv DRjet0cvsl DRjet0cvsb DRjet1pt DRjet1eta DRjet1m DRjet1csv DRjet1cvsl DRjet1cvsb DRjet2pt DRjet2eta DRjet2m DRjet2csv DRjet2cvsl DRjet2cvsb DRjet3pt DRjet3eta DRjet3m DRjet3csv DRjet3cvsl DRjet3cvsb DRjet12pt DRjet12eta DRjet12deta DRjet12dphi DRjet12m DRjet12DR DRjet23pt DRjet23eta DRjet23deta DRjet23dphi DRjet23m DRjet31pt DRjet31eta DRjet31deta DRjet31dphi DRjet31m DRlepTpt DRlepTeta DRlepTdeta DRlepTdphi DRlepTm DRhadTpt DRhadTeta DRhadTHbdeta DRhadTWbdeta DRhadTHbdphi DRhadTWbdphi DRhadTm
                         :        njets:  +1.000   +0.170   +0.157    -0.008     -0.004     +0.011  +0.058   +0.122    -0.002  +0.111    +0.001     -0.034     +0.018   +0.087    -0.005  +0.082    -0.044     -0.042     +0.050   +0.101    -0.004  +0.095    -0.061     -0.060     +0.068   +0.093    +0.004  +0.094    -0.023     -0.091     +0.089    +0.139     -0.006      +0.003      -0.005   +0.070    -0.048    +0.193     -0.002      -0.009      +0.005   -0.030    +0.182     +0.001      -0.004      -0.013   -0.037   +0.201    -0.007     -0.001     -0.001  +0.076   +0.237    -0.003       -0.007       -0.001       -0.003       +0.004  +0.008
                         :     nbjets_m:  +0.170   +1.000   +0.026    +0.003     -0.002     +0.001  +0.022   +0.018    +0.008  +0.024    -0.020     -0.042     +0.030   +0.015    -0.003  +0.019    -0.015     -0.027     +0.019   +0.030    -0.002  +0.028    -0.008     -0.043     +0.035   +0.034    +0.005  +0.033    +0.040     +0.110     -0.094    +0.066     -0.001      -0.002      -0.003   -0.050    -0.115    +0.057     +0.001      -0.006      -0.001   +0.002    +0.046     +0.001      -0.005      -0.007   -0.004   +0.039    +0.006     -0.002     +0.002  +0.006   +0.078    +0.000       -0.005       +0.003       -0.008       +0.004  -0.023
                         :     DRlepWpt:  +0.157   +0.026   +1.000    -0.011     -0.001     +0.002  +0.230   +0.024    +0.000  +0.009    -0.003     -0.001     +0.003   +0.255    -0.007  +0.223    -0.036     -0.053     +0.063   +0.284    +0.003  +0.262    -0.042     -0.082     +0.055   +0.255    -0.003  +0.216    -0.010     -0.066     +0.069    +0.413     -0.003      -0.003      -0.009   +0.088    -0.202    +0.415     +0.002      +0.003      +0.006   +0.091    +0.387     -0.002      -0.002      -0.005   +0.078   +0.782    -0.005     -0.001     -0.001  +0.266   +0.529    -0.001       +0.002       +0.002       +0.003       +0.000  +0.107
                         :    DRlepWeta:  -0.008   +0.003   -0.011    +1.000     +0.815     -0.002  -0.002   +0.008    +0.563  +0.007    +0.009     +0.000     -0.005   -0.004    +0.237  -0.000    +0.003     +0.001     -0.005   -0.005    +0.232  -0.002    +0.000     -0.008     +0.006   +0.001    +0.239  -0.001    +0.005     -0.004     +0.009    -0.008     +0.259      -0.011      +0.003   +0.004    +0.013    -0.004     +0.262      +0.018      -0.005   +0.005    -0.001     +0.267      +0.008      -0.005   +0.002   -0.004    +0.827     +0.237     -0.004  +0.006   -0.005    +0.286       +0.151       +0.139       +0.001       -0.001  +0.005
                         :   DRlepWdeta:  -0.004   -0.002   -0.001    +0.815     +1.000     -0.003  +0.001   +0.004    +0.581  +0.000    +0.013     +0.004     -0.011   -0.002    +0.236  +0.003    +0.011     +0.001     -0.010   -0.003    +0.230  -0.002    +0.007     -0.002     -0.001   +0.005    +0.231  +0.002    +0.002     +0.001     +0.002    -0.002     +0.252      -0.011      -0.000   +0.003    +0.006    +0.000     +0.250      +0.019      -0.000   +0.008    +0.003     +0.256      +0.011      -0.000   +0.005   +0.001    +0.762     +0.228     +0.006  +0.004   +0.000    +0.271       +0.150       +0.131       +0.002       +0.000  +0.008
                         :   DRlepWdphi:  +0.011   +0.001   +0.002    -0.002     -0.003     +1.000  +0.004   +0.004    -0.002  -0.001    +0.009     -0.001     -0.011   +0.012    -0.007  +0.011    -0.009     -0.011     +0.004   +0.002    -0.005  +0.002    -0.004     -0.007     +0.007   +0.004    -0.001  +0.001    -0.012     -0.005     +0.010    +0.005     -0.008      -0.002      -0.022   +0.011    +0.003    +0.005     -0.006      -0.006      +0.052   +0.005    +0.012     -0.003      -0.001      +0.038   -0.005   +0.005    +0.000     -0.001     -0.416  +0.004   +0.007    -0.006       -0.010       -0.001       +0.055       -0.011  +0.007
                         :      DRlepWm:  +0.058   +0.022   +0.230    -0.002     +0.001     +0.004  +1.000   +0.062    +0.009  +0.063    -0.007     -0.030     +0.005   +0.087    +0.001  +0.081    -0.042     -0.029     +0.040   +0.105    -0.002  +0.100    -0.027     -0.032     +0.016   +0.088    +0.003  +0.077    +0.004     -0.001     -0.003    +0.141     -0.001      +0.002      +0.003   +0.025    -0.067    +0.138     -0.001      -0.005      +0.002   +0.033    +0.123     +0.001      -0.006      +0.008   +0.037   +0.175    +0.005     -0.015     +0.006  +0.748   +0.169    -0.001       -0.005       -0.001       +0.003       -0.007  +0.039
                         :     DRjet0pt:  +0.122   +0.018   +0.024    +0.008     +0.004     +0.004  +0.062   +1.000    +0.009  +0.815    -0.004     -0.139     +0.033   +0.236    -0.001  +0.197    -0.041     -0.055     +0.047   +0.269    -0.004  +0.234    -0.045     -0.067     +0.053   +0.204    +0.002  +0.176    -0.022     -0.083     +0.079    +0.356     -0.004      +0.001      +0.001   +0.112    -0.150    +0.333     -0.001      -0.004      +0.000   +0.129    +0.305     +0.001      -0.003      -0.002   +0.101   +0.544    +0.007     -0.011     +0.003  +0.377   +0.413    -0.003       -0.010       -0.000       -0.006       -0.001  +0.144
                         :    DRjet0eta:  -0.002   +0.008   +0.000    +0.563     +0.581     -0.002  +0.009   +0.009    +1.000  +0.007    +0.010     +0.003     -0.006   +0.005    +0.313  +0.008    +0.002     -0.010     -0.001   -0.006    +0.305  -0.007    -0.001     -0.003     +0.005   +0.002    +0.358  -0.000    +0.002     -0.007     +0.006    +0.002     +0.347      -0.015      +0.000   +0.001    +0.002    -0.003     +0.362      -0.022      -0.001   -0.001    +0.006     +0.373      -0.042      -0.004   -0.003   +0.004    +0.854     -0.460     +0.002  +0.012   +0.003    +0.385       +0.169       +0.202       +0.002       +0.006  -0.000
                         :      DRjet0m:  +0.111   +0.024   +0.009    +0.007     +0.000     -0.001  +0.063   +0.815    +0.007  +1.000    -0.038     -0.189     +0.074   +0.178    -0.005  +0.169    -0.030     -0.050     +0.039   +0.219    -0.012  +0.210    -0.034     -0.063     +0.047   +0.169    -0.007  +0.169    -0.014     -0.056     +0.050    +0.272     -0.013      +0.005      +0.002   +0.113    -0.097    +0.267     -0.010      -0.007      -0.004   +0.116    +0.237     -0.006      +0.003      -0.005   +0.092   +0.413    +0.004     -0.010     +0.008  +0.375   +0.321    -0.012       -0.012       -0.009       -0.009       +0.001  +0.136
                         :    DRjet0csv:  +0.001   -0.020   -0.003    +0.009     +0.013     +0.009  -0.007   -0.004    +0.010  -0.038    +1.000     +0.290     -0.750   -0.018    +0.002  -0.018    +0.058     +0.013     -0.049   -0.023    +0.005  -0.020    +0.073     +0.025     -0.063   +0.009    +0.002  +0.002    -0.002     +0.001     -0.038    -0.032     +0.001      -0.007      -0.002   -0.017    +0.006    -0.006     +0.002      +0.008      -0.000   -0.010    -0.008     +0.001      -0.003      +0.003   -0.004   -0.014    +0.006     -0.003     -0.017  -0.020   -0.020    +0.001       +0.007       +0.003       +0.005       -0.001  -0.014
                         :   DRjet0cvsl:  -0.034   -0.042   -0.001    +0.000     +0.004     -0.001  -0.030   -0.139    +0.003  -0.189    +0.290     +1.000     -0.300   -0.036    +0.005  -0.035    +0.022     +0.059     -0.030   -0.045    +0.002  -0.042    +0.027     +0.067     -0.032   -0.031    +0.002  -0.037    -0.004     +0.027     -0.009    -0.057     +0.004      -0.003      -0.002   -0.027    +0.023    -0.050     +0.003      -0.000      +0.004   -0.026    -0.048     +0.002      -0.000      +0.003   -0.008   -0.070    -0.000     +0.001     -0.007  -0.101   -0.064    +0.002       +0.006       +0.003       +0.007       +0.000  -0.028
                         :   DRjet0cvsb:  +0.018   +0.030   +0.003    -0.005     -0.011     -0.011  +0.005   +0.033    -0.006  +0.074    -0.750     -0.300     +1.000   +0.015    -0.003  +0.016    -0.053     -0.012     +0.061   +0.028    -0.001  +0.030    -0.055     -0.025     +0.076   +0.009    +0.002  +0.015    +0.001     +0.002     +0.053    +0.032     -0.003      +0.003      -0.001   +0.018    -0.007    +0.018     +0.003      -0.007      -0.006   +0.018    +0.016     +0.001      -0.001      -0.009   +0.008   +0.026    -0.003     -0.003     +0.015  +0.027   +0.028    -0.000       -0.009       -0.001       -0.011       +0.010  +0.019
                         :     DRjet1pt:  +0.087   +0.015   +0.255    -0.004     -0.002     +0.012  +0.087   +0.236    +0.005  +0.178    -0.018     -0.036     +0.015   +1.000    -0.005  +0.852    -0.051     -0.177     +0.113   +0.059    +0.001  +0.055    -0.042     -0.049     +0.049   +0.062    -0.001  +0.036    -0.007     -0.022     +0.020    +0.584     -0.005      -0.003      -0.006   +0.342    -0.165    +0.046     +0.001      +0.001      -0.002   +0.085    +0.685     -0.004      -0.005      +0.000   +0.349   +0.352    +0.003     -0.005     -0.009  +0.117   +0.497    -0.003       -0.006       +0.003       -0.002       +0.006  +0.334
                         :    DRjet1eta:  -0.005   -0.003   -0.007    +0.237     +0.236     -0.007  +0.001   -0.001    +0.313  -0.005    +0.002     +0.005     -0.003   -0.005    +1.000  -0.004    +0.004     -0.001     -0.006   -0.004    +0.451  -0.005    -0.004     -0.002     +0.011   -0.006    +0.558  -0.005    +0.007     -0.006     +0.011    -0.004     +0.784      +0.398      +0.003   +0.008    +0.010    -0.003     +0.555      -0.069      -0.001   -0.004    -0.008     +0.830      +0.384      -0.006   +0.007   -0.010    +0.301     -0.072     +0.003  +0.004   -0.006    +0.760       +0.556       -0.012       -0.009       +0.001  +0.007
                         :      DRjet1m:  +0.082   +0.019   +0.223    -0.000     +0.003     +0.011  +0.081   +0.197    +0.008  +0.169    -0.018     -0.035     +0.016   +0.852    -0.004  +1.000    -0.070     -0.200     +0.146   +0.052    +0.004  +0.054    -0.049     -0.055     +0.053   +0.046    +0.001  +0.039    +0.005     -0.013     +0.009    +0.495     -0.002      -0.005      -0.007   +0.312    -0.131    +0.035     +0.005      +0.001      -0.003   +0.078    +0.576     -0.001      -0.005      -0.006   +0.321   +0.298    +0.006     -0.002     -0.007  +0.110   +0.414    -0.000       -0.004       +0.005       -0.007       +0.011  +0.307
                         :    DRjet1csv:  -0.044   -0.015   -0.036    +0.003     +0.011     -0.009  -0.042   -0.041    +0.002  -0.030    +0.058     +0.022     -0.053   -0.051    +0.004  -0.070    +1.000     +0.192     -0.709   -0.008    -0.001  -0.020    +0.486     +0.153     -0.337   -0.000    -0.005  -0.004    +0.036     +0.097     -0.112    -0.042     -0.001      +0.006      +0.001   -0.035    +0.001    -0.018     -0.002      +0.003      +0.001   +0.001    -0.053     -0.001      +0.005      +0.003   +0.000   -0.052    +0.003     +0.007     -0.006  -0.044   -0.050    +0.001       +0.002       -0.005       +0.004       +0.004  -0.021
                         :   DRjet1cvsl:  -0.042   -0.027   -0.053    +0.001     +0.001     -0.011  -0.029   -0.055    -0.010  -0.050    +0.013     +0.059     -0.012   -0.177    -0.001  -0.200    +0.192     +1.000     -0.238   -0.021    -0.009  -0.027    +0.092     +0.055     -0.072   -0.013    -0.013  -0.020    -0.003     +0.005     -0.010    -0.117     -0.009      +0.008      +0.000   -0.071    +0.032    -0.011     -0.014      +0.010      -0.008   -0.026    -0.132     -0.006      +0.014      -0.003   -0.058   -0.076    -0.007     +0.009     +0.003  -0.038   -0.101    -0.009       +0.007       -0.016       -0.002       +0.001  -0.068
                         :   DRjet1cvsb:  +0.050   +0.019   +0.063    -0.005     -0.010     +0.004  +0.040   +0.047    -0.001  +0.039    -0.049     -0.030     +0.061   +0.113    -0.006  +0.146    -0.709     -0.238     +1.000   +0.024    -0.008  +0.032    -0.360     -0.124     +0.259   +0.010    +0.000  +0.017    -0.029     -0.068     +0.077    +0.088     -0.007      -0.000      -0.001   +0.052    -0.023    +0.025     -0.005      -0.008      -0.005   +0.016    +0.094     -0.003      -0.004      -0.005   +0.024   +0.077    -0.002     -0.006     +0.004  +0.047   +0.085    -0.007       -0.010       -0.003       -0.009       -0.001  +0.044
                         :     DRjet2pt:  +0.101   +0.030   +0.284    -0.005     -0.003     +0.002  +0.105   +0.269    -0.006  +0.219    -0.023     -0.045     +0.028   +0.059    -0.004  +0.052    -0.008     -0.021     +0.024   +1.000    -0.001  +0.872    -0.006     -0.166     +0.047   +0.084    -0.009  +0.062    -0.003     -0.012     +0.009    +0.689     -0.006      -0.004      -0.019   +0.409    -0.159    +0.739     -0.000      -0.001      +0.008   +0.412    +0.048     -0.005      -0.000      +0.005   +0.104   +0.391    -0.005     -0.009     -0.002  +0.152   +0.575    -0.004       -0.006       +0.004       -0.003       +0.016  +0.411
                         :    DRjet2eta:  -0.004   -0.002   +0.003    +0.232     +0.230     -0.005  -0.002   -0.004    +0.305  -0.012    +0.005     +0.002     -0.001   +0.001    +0.451  +0.004    -0.001     -0.009     -0.008   -0.001    +1.000  +0.004    +0.006     +0.013     -0.003   +0.006    +0.567  +0.006    +0.002     -0.014     +0.016    +0.005     +0.816      -0.486      +0.003   -0.018    -0.015    +0.001     +0.840      +0.434      +0.002   +0.008    +0.004     +0.563      -0.111      -0.005   -0.004   -0.000    +0.294     -0.063     +0.001  +0.002   +0.005    +0.787       +0.588       +0.650       -0.008       -0.001  -0.007
                         :      DRjet2m:  +0.095   +0.028   +0.262    -0.002     -0.002     +0.002  +0.100   +0.234    -0.007  +0.210    -0.020     -0.042     +0.030   +0.055    -0.005  +0.054    -0.020     -0.027     +0.032   +0.872    +0.004  +1.000    -0.027     -0.186     +0.073   +0.065    -0.005  +0.056    -0.003     -0.018     +0.007    +0.604     -0.002      -0.012      -0.017   +0.369    -0.133    +0.641     +0.004      +0.004      +0.011   +0.374    +0.034     -0.004      -0.003      +0.002   +0.105   +0.353    -0.005     -0.006     +0.002  +0.138   +0.501    -0.000       -0.002       +0.009       -0.002       +0.015  +0.374
                         :    DRjet2csv:  -0.061   -0.008   -0.042    +0.000     +0.007     -0.004  -0.027   -0.045    -0.001  -0.034    +0.073     +0.027     -0.055   -0.042    -0.004  -0.049    +0.486     +0.092     -0.360   -0.006    +0.006  -0.027    +1.000     +0.309     -0.693   +0.011    -0.007  +0.002    +0.077     +0.214     -0.238    -0.046     -0.003      -0.010      -0.007   -0.029    +0.014    -0.024     -0.001      +0.016      +0.003   +0.024    -0.051     -0.006      +0.003      +0.005   +0.024   -0.068    +0.001     -0.000     +0.002  -0.030   -0.060    -0.003       +0.006       +0.005       +0.008       +0.001  +0.001
                         :   DRjet2cvsl:  -0.060   -0.043   -0.082    -0.008     -0.002     -0.007  -0.032   -0.067    -0.003  -0.063    +0.025     +0.067     -0.025   -0.049    -0.002  -0.055    +0.153     +0.055     -0.124   -0.166    +0.013  -0.186    +0.309     +1.000     -0.319   -0.030    -0.009  -0.037    +0.009     +0.048     -0.051    -0.140     +0.003      -0.010      -0.005   -0.115    +0.020    -0.139     -0.003      +0.019      +0.006   -0.084    -0.050     -0.007      +0.003      +0.002   -0.036   -0.108    -0.005     -0.002     +0.002  -0.044   -0.127    -0.002       +0.011       +0.006       +0.010       -0.007  -0.110
                         :   DRjet2cvsb:  +0.068   +0.035   +0.055    +0.006     -0.001     +0.007  +0.016   +0.053    +0.005  +0.047    -0.063     -0.032     +0.076   +0.049    +0.011  +0.053    -0.337     -0.072     +0.259   +0.047    -0.003  +0.073    -0.693     -0.319     +1.000   +0.006    +0.011  +0.015    -0.056     -0.148     +0.164    +0.073     +0.005      +0.011      -0.003   +0.050    -0.022    +0.057     +0.004      -0.015      -0.005   +0.007    +0.058     +0.012      -0.007      -0.012   -0.003   +0.080    +0.005     -0.000     -0.011  +0.028   +0.084    +0.005       -0.006       +0.002       -0.021       +0.011  +0.030
                         :     DRjet3pt:  +0.093   +0.034   +0.255    +0.001     +0.005     +0.004  +0.088   +0.204    +0.002  +0.169    +0.009     -0.031     +0.009   +0.062    -0.006  +0.046    -0.000     -0.013     +0.010   +0.084    +0.006  +0.065    +0.011     -0.030     +0.006   +1.000    -0.005  +0.862    +0.061     +0.086     -0.066    +0.073     -0.000      -0.004      -0.004   +0.069    +0.011    +0.551     +0.000      +0.007      +0.003   +0.440    +0.594     -0.009      +0.005      +0.000   +0.427   +0.320    +0.000     +0.007     -0.002  +0.133   +0.450    -0.003       +0.008       -0.002       -0.002       +0.001  +0.385
                         :    DRjet3eta:  +0.004   +0.005   -0.003    +0.239     +0.231     -0.001  +0.003   +0.002    +0.358  -0.007    +0.002     +0.002     +0.002   -0.001    +0.558  +0.001    -0.005     -0.013     +0.000   -0.009    +0.567  -0.005    -0.007     -0.009     +0.011   -0.005    +1.000  -0.004    +0.024     -0.007     +0.010    -0.002     +0.657      -0.037      +0.007   -0.012    -0.009    -0.008     +0.835      -0.324      -0.013   -0.008    -0.002     +0.838      -0.389      -0.003   -0.010   -0.003    +0.327     -0.116     -0.012  +0.007   -0.003    +0.824       +0.095       +0.560       -0.007       -0.004  -0.013
                         :      DRjet3m:  +0.094   +0.033   +0.216    -0.001     +0.002     +0.001  +0.077   +0.176    -0.000  +0.169    +0.002     -0.037     +0.015   +0.036    -0.005  +0.039    -0.004     -0.020     +0.017   +0.062    +0.006  +0.056    +0.002     -0.037     +0.015   +0.862    -0.004  +1.000    +0.093     +0.091     -0.083    +0.044     +0.000      -0.003      -0.003   +0.058    +0.016    +0.466     +0.001      +0.006      +0.004   +0.388    +0.504     -0.007      +0.004      +0.001   +0.368   +0.272    -0.003     +0.007     +0.001  +0.123   +0.374    -0.001       +0.007       -0.002       -0.002       -0.001  +0.332
                         :    DRjet3csv:  -0.023   +0.040   -0.010    +0.005     +0.002     -0.012  +0.004   -0.022    +0.002  -0.014    -0.002     -0.004     +0.001   -0.007    +0.007  +0.005    +0.036     -0.003     -0.029   -0.003    +0.002  -0.003    +0.077     +0.009     -0.056   +0.061    +0.024  +0.093    +1.000     +0.214     -0.125    -0.020     +0.007      +0.001      +0.004   +0.008    +0.021    +0.004     +0.015      -0.013      -0.012   +0.062    -0.000     +0.015      -0.020      -0.008   +0.068   -0.036    +0.004     -0.000     +0.004  +0.007   -0.021    +0.014       -0.010       +0.017       -0.011       -0.001  +0.056
                         :   DRjet3cvsl:  -0.091   +0.110   -0.066    -0.004     +0.001     -0.005  -0.001   -0.083    -0.007  -0.056    +0.001     +0.027     +0.002   -0.022    -0.006  -0.013    +0.097     +0.005     -0.068   -0.012    -0.014  -0.018    +0.214     +0.048     -0.148   +0.086    -0.007  +0.091    +0.214     +1.000     -0.791    -0.064     -0.011      +0.010      -0.002   +0.020    +0.066    -0.056     -0.006      -0.008      -0.016   +0.178    -0.055     -0.005      -0.004      +0.001   +0.177   -0.140    -0.001     +0.006     +0.008  -0.008   -0.115    -0.008       -0.010       -0.009       +0.001       +0.003  +0.150
                         :   DRjet3cvsb:  +0.089   -0.094   +0.069    +0.009     +0.002     +0.010  -0.003   +0.079    +0.006  +0.050    -0.038     -0.009     +0.053   +0.020    +0.011  +0.009    -0.112     -0.010     +0.077   +0.009    +0.016  +0.007    -0.238     -0.051     +0.164   -0.066    +0.010  -0.083    -0.125     -0.791     +1.000    +0.057     +0.016      -0.003      +0.005   -0.021    -0.064    +0.056     +0.010      +0.004      +0.011   -0.160    +0.065     +0.010      -0.000      -0.009   -0.163   +0.139    +0.004     -0.005     -0.006  +0.004   +0.114    +0.013       +0.007       +0.009       -0.004       +0.001  -0.139
                         :    DRjet12pt:  +0.139   +0.066   +0.413    -0.008     -0.002     +0.005  +0.141   +0.356    +0.002  +0.272    -0.032     -0.057     +0.032   +0.584    -0.004  +0.495    -0.042     -0.117     +0.088   +0.689    +0.005  +0.604    -0.046     -0.140     +0.073   +0.073    -0.002  +0.044    -0.020     -0.064     +0.057    +1.000     -0.001      -0.007      -0.012   +0.203    -0.538    +0.538     +0.006      +0.003      +0.004   +0.263    +0.433     -0.003      -0.003      +0.002   +0.199   +0.550    -0.000     -0.011     -0.007  +0.210   +0.827    +0.002       -0.002       +0.007       -0.002       +0.012  +0.283
                         :   DRjet12eta:  -0.006   -0.001   -0.003    +0.259     +0.252     -0.008  -0.001   -0.004    +0.347  -0.013    +0.001     +0.004     -0.003   -0.005    +0.784  -0.002    -0.001     -0.009     -0.007   -0.006    +0.816  -0.002    -0.003     +0.003     +0.005   -0.000    +0.657  +0.000    +0.007     -0.011     +0.016    -0.001     +1.000      -0.072      +0.004   -0.015    -0.006    -0.004     +0.812      +0.189      -0.001   +0.003    -0.003     +0.792      +0.107      -0.004   -0.004   -0.007    +0.331     -0.079     -0.001  +0.002   -0.001    +0.927       +0.665       +0.374       -0.008       -0.004  -0.007
                         :  DRjet12deta:  +0.003   -0.002   -0.003    -0.011     -0.011     -0.002  +0.002   +0.001    -0.015  +0.005    -0.007     -0.003     +0.003   -0.003    +0.398  -0.005    +0.006     +0.008     -0.000   -0.004    -0.486  -0.012    -0.010     -0.010     +0.011   -0.004    -0.037  -0.003    +0.001     +0.010     -0.003    -0.007     -0.072      +1.000      +0.001   +0.014    +0.014    -0.003     -0.262      -0.500      +0.004   -0.011    -0.007     +0.169      +0.458      +0.003   +0.009   -0.003    -0.015     -0.001     +0.001  -0.002   -0.008    -0.065       -0.066       -0.705       +0.004       -0.002  +0.007
                         :  DRjet12dphi:  -0.005   -0.003   -0.009    +0.003     -0.000     -0.022  +0.003   +0.001    +0.000  +0.002    -0.002     -0.002     -0.001   -0.006    +0.003  -0.007    +0.001     +0.000     -0.001   -0.019    +0.003  -0.017    -0.007     -0.005     -0.003   -0.004    +0.007  -0.003    +0.004     -0.002     +0.005    -0.012     +0.004      +0.001      +1.000   -0.011    +0.010    -0.014     +0.010      +0.003      -0.320   -0.004    -0.001     +0.003      -0.001      +0.309   -0.013   -0.004    +0.005     +0.008     +0.006  -0.000   -0.009    +0.008       +0.000       -0.000       -0.010       -0.685  -0.012
                         :     DRjet12m:  +0.070   -0.050   +0.088    +0.004     +0.003     +0.011  +0.025   +0.112    +0.001  +0.113    -0.017     -0.027     +0.018   +0.342    +0.008  +0.312    -0.035     -0.071     +0.052   +0.409    -0.018  +0.369    -0.029     -0.115     +0.050   +0.069    -0.012  +0.058    +0.008     +0.020     -0.021    +0.203     -0.015      +0.014      -0.011   +1.000    +0.533    +0.269     -0.013      -0.011      -0.003   +0.365    +0.206     -0.003      +0.010      -0.009   +0.332   +0.139    +0.002     -0.000     -0.004  +0.055   +0.181    -0.015       -0.015       -0.011       -0.008       +0.009  +0.783
                         :    DRjet12DR:  -0.048   -0.115   -0.202    +0.013     +0.006     +0.003  -0.067   -0.150    +0.002  -0.097    +0.006     +0.023     -0.007   -0.165    +0.010  -0.131    +0.001     +0.032     -0.023   -0.159    -0.015  -0.133    +0.014     +0.020     -0.022   +0.011    -0.009  +0.016    +0.021     +0.066     -0.064    -0.538     -0.006      +0.014      +0.010   +0.533    +1.000    -0.160     -0.014      -0.006      -0.006   +0.099    -0.149     +0.001      +0.010      -0.001   +0.103   -0.255    +0.003     +0.008     +0.005  -0.097   -0.420    -0.009       -0.006       -0.014       +0.006       -0.009  +0.342
                         :    DRjet23pt:  +0.193   +0.057   +0.415    -0.004     +0.000     +0.005  +0.138   +0.333    -0.003  +0.267    -0.006     -0.050     +0.018   +0.046    -0.003  +0.035    -0.018     -0.011     +0.025   +0.739    +0.001  +0.641    -0.024     -0.139     +0.057   +0.551    -0.008  +0.466    +0.004     -0.056     +0.056    +0.538     -0.004      -0.003      -0.014   +0.269    -0.160    +1.000     -0.002      +0.004      +0.007   +0.261    +0.332     -0.007      +0.006      -0.001   +0.245   +0.530    -0.005     -0.004     +0.000  +0.206   +0.773    -0.004       +0.004       -0.002       -0.008       +0.009  +0.333
                         :   DRjet23eta:  -0.002   +0.001   +0.002    +0.262     +0.250     -0.006  -0.001   -0.001    +0.362  -0.010    +0.002     +0.003     +0.003   +0.001    +0.555  +0.005    -0.002     -0.014     -0.005   -0.000    +0.840  +0.004    -0.001     -0.003     +0.004   +0.000    +0.835  +0.001    +0.015     -0.006     +0.010    +0.006     +0.812      -0.262      +0.010   -0.013    -0.014    -0.002     +1.000      +0.053      -0.004   +0.004    -0.000     +0.758      -0.255      -0.007   -0.004   -0.001    +0.345     -0.097     -0.006  +0.004   +0.003    +0.913       +0.361       +0.680       -0.012       -0.002  -0.006
                         :  DRjet23deta:  -0.009   -0.006   +0.003    +0.018     +0.019     -0.006  -0.005   -0.004    -0.022  -0.007    +0.008     -0.000     -0.007   +0.001    -0.069  +0.001    +0.003     +0.010     -0.008   -0.001    +0.434  +0.004    +0.016     +0.019     -0.015   +0.007    -0.324  +0.006    -0.013     -0.008     +0.004    +0.003     +0.189      -0.500      +0.003   -0.011    -0.006    +0.004     +0.053      +1.000      +0.005   +0.006    +0.004     -0.201      +0.277      +0.004   +0.006   +0.000    -0.005     +0.045     +0.009  -0.000   +0.005    +0.021       +0.612       +0.124       -0.000       -0.005  -0.001
                         :  DRjet23dphi:  +0.005   -0.001   +0.006    -0.005     -0.000     +0.052  +0.002   +0.000    -0.001  -0.004    -0.000     +0.004     -0.006   -0.002    -0.001  -0.003    +0.001     -0.008     -0.005   +0.008    +0.002  +0.011    +0.003     +0.006     -0.005   +0.003    -0.013  +0.004    -0.012     -0.016     +0.011    +0.004     -0.001      +0.004      -0.320   -0.003    -0.006    +0.007     -0.004      +0.005      +1.000   -0.003    +0.008     -0.007      +0.004      +0.156   -0.011   +0.003    -0.005     -0.009     -0.032  +0.004   +0.005    -0.004       +0.003       -0.003       +0.577       +0.139  -0.007
                         :     DRjet23m:  -0.030   +0.002   +0.091    +0.005     +0.008     +0.005  +0.033   +0.129    -0.001  +0.116    -0.010     -0.026     +0.018   +0.085    -0.004  +0.078    +0.001     -0.026     +0.016   +0.412    +0.008  +0.374    +0.024     -0.084     +0.007   +0.440    -0.008  +0.388    +0.062     +0.178     -0.160    +0.263     +0.003      -0.011      -0.004   +0.365    +0.099    +0.261     +0.004      +0.006      -0.003   +1.000    +0.250     -0.006      -0.001      +0.002   +0.363   +0.147    +0.003     +0.002     -0.007  +0.070   +0.222    +0.000       +0.001       +0.008       -0.001       +0.004  +0.750
                         :    DRjet31pt:  +0.182   +0.046   +0.387    -0.001     +0.003     +0.012  +0.123   +0.305    +0.006  +0.237    -0.008     -0.048     +0.016   +0.685    -0.008  +0.576    -0.053     -0.132     +0.094   +0.048    +0.004  +0.034    -0.051     -0.050     +0.058   +0.594    -0.002  +0.504    -0.000     -0.055     +0.065    +0.433     -0.003      -0.007      -0.001   +0.206    -0.149    +0.332     -0.000      +0.004      +0.008   +0.250    +1.000     -0.006      -0.002      -0.006   +0.204   +0.493    +0.003     -0.001     -0.009  +0.182   +0.708    -0.003       +0.002       +0.001       +0.002       -0.000  +0.282
                         :   DRjet31eta:  +0.001   +0.001   -0.002    +0.267     +0.256     -0.003  +0.001   +0.001    +0.373  -0.006    +0.001     +0.002     +0.001   -0.004    +0.830  -0.001    -0.001     -0.006     -0.003   -0.005    +0.563  -0.004    -0.006     -0.007     +0.012   -0.009    +0.838  -0.007    +0.015     -0.005     +0.010    -0.003     +0.792      +0.169      +0.003   -0.003    +0.001    -0.007     +0.758      -0.201      -0.007   -0.006    -0.006     +1.000      -0.020      -0.012   -0.005   -0.004    +0.352     -0.105     -0.009  +0.006   -0.005    +0.898       +0.336       +0.305       -0.010       +0.002  -0.005
                         :  DRjet31deta:  -0.004   -0.005   -0.002    +0.008     +0.011     -0.001  -0.006   -0.003    -0.042  +0.003    -0.003     -0.000     -0.001   -0.005    +0.384  -0.005    +0.005     +0.014     -0.004   -0.000    -0.111  -0.003    +0.003     +0.003     -0.007   +0.005    -0.389  +0.004    -0.020     -0.004     -0.000    -0.003     +0.107      +0.458      -0.001   +0.010    +0.010    +0.006     -0.255      +0.277      +0.004   -0.001    -0.002     -0.020      +1.000      -0.001   +0.008   -0.003    -0.020     +0.048     +0.009  -0.006   +0.000    -0.062       +0.546       -0.669       -0.001       -0.001  +0.009
                         :  DRjet31dphi:  -0.013   -0.007   -0.005    -0.005     -0.000     +0.038  +0.008   -0.002    -0.004  -0.005    +0.003     +0.003     -0.009   +0.000    -0.006  -0.006    +0.003     -0.003     -0.005   +0.005    -0.005  +0.002    +0.005     +0.002     -0.012   +0.000    -0.003  +0.001    -0.008     +0.001     -0.009    +0.002     -0.004      +0.003      +0.309   -0.009    -0.001    -0.001     -0.007      +0.004      +0.156   +0.002    -0.006     -0.012      -0.001      +1.000   +0.002   -0.003    -0.007     -0.001     -0.023  -0.003   -0.006    -0.005       -0.003       -0.002       +0.569       -0.604  -0.001
                         :     DRjet31m:  -0.037   -0.004   +0.078    +0.002     +0.005     -0.005  +0.037   +0.101    -0.003  +0.092    -0.004     -0.008     +0.008   +0.349    +0.007  +0.321    +0.000     -0.058     +0.024   +0.104    -0.004  +0.105    +0.024     -0.036     -0.003   +0.427    -0.010  +0.368    +0.068     +0.177     -0.163    +0.199     -0.004      +0.009      -0.013   +0.332    +0.103    +0.245     -0.004      +0.006      -0.011   +0.363    +0.204     -0.005      +0.008      +0.002   +1.000   +0.118    +0.002     +0.008     -0.006  +0.063   +0.178    -0.004       +0.003       -0.006       -0.002       +0.009  +0.714
                         :     DRlepTpt:  +0.201   +0.039   +0.782    -0.004     +0.001     +0.005  +0.175   +0.544    +0.004  +0.413    -0.014     -0.070     +0.026   +0.352    -0.010  +0.298    -0.052     -0.076     +0.077   +0.391    -0.000  +0.353    -0.068     -0.108     +0.080   +0.320    -0.003  +0.272    -0.036     -0.140     +0.139    +0.550     -0.007      -0.003      -0.004   +0.139    -0.255    +0.530     -0.001      +0.000      +0.003   +0.147    +0.493     -0.004      -0.003      -0.003   +0.118   +1.000    -0.002     -0.006     -0.003  +0.263   +0.673    -0.005       -0.005       +0.003       -0.004       -0.001  +0.170
                         :    DRlepTeta:  -0.007   +0.006   -0.005    +0.827     +0.762     +0.000  +0.005   +0.007    +0.854  +0.004    +0.006     -0.000     -0.003   +0.003    +0.301  +0.006    +0.003     -0.007     -0.002   -0.005    +0.294  -0.005    +0.001     -0.005     +0.005   +0.000    +0.327  -0.003    +0.004     -0.001     +0.004    -0.000     +0.331      -0.015      +0.005   +0.002    +0.003    -0.005     +0.345      -0.005      -0.005   +0.003    +0.003     +0.352      -0.020      -0.007   +0.002   -0.002    +1.000     -0.133     +0.000  +0.011   -0.000    +0.369       +0.173       +0.189       +0.002       +0.005  +0.003
                         :   DRlepTdeta:  -0.001   -0.002   -0.001    +0.237     +0.228     -0.001  -0.015   -0.011    -0.460  -0.010    -0.003     +0.001     -0.003   -0.005    -0.072  -0.002    +0.007     +0.009     -0.006   -0.009    -0.063  -0.006    -0.000     -0.002     -0.000   +0.007    -0.116  +0.007    -0.000     +0.006     -0.005    -0.011     -0.079      -0.001      +0.008   -0.000    +0.008    -0.004     -0.097      +0.045      -0.009   +0.002    -0.001     -0.105      +0.048      -0.001   +0.008   -0.006    -0.133     +1.000     +0.002  -0.012   -0.008    -0.098       -0.010       -0.059       -0.004       -0.005  +0.005
                         :   DRlepTdphi:  -0.001   +0.002   -0.001    -0.004     +0.006     -0.416  +0.006   +0.003    +0.002  +0.008    -0.017     -0.007     +0.015   -0.009    +0.003  -0.007    -0.006     +0.003     +0.004   -0.002    +0.001  +0.002    +0.002     +0.002     -0.011   -0.002    -0.012  +0.001    +0.004     +0.008     -0.006    -0.007     -0.001      +0.001      +0.006   -0.004    +0.005    +0.000     -0.006      +0.009      -0.032   -0.007    -0.009     -0.009      +0.009      -0.023   -0.006   -0.003    +0.000     +0.002     +1.000  +0.006   -0.003    -0.007       +0.008       -0.006       -0.054       +0.006  -0.007
                         :      DRlepTm:  +0.076   +0.006   +0.266    +0.006     +0.004     +0.004  +0.748   +0.377    +0.012  +0.375    -0.020     -0.101     +0.027   +0.117    +0.004  +0.110    -0.044     -0.038     +0.047   +0.152    +0.002  +0.138    -0.030     -0.044     +0.028   +0.133    +0.007  +0.123    +0.007     -0.008     +0.004    +0.210     +0.002      -0.002      -0.000   +0.055    -0.097    +0.206     +0.004      -0.000      +0.004   +0.070    +0.182     +0.006      -0.006      -0.003   +0.063   +0.263    +0.011     -0.012     +0.006  +1.000   +0.255    +0.004       -0.003       +0.001       +0.002       -0.004  +0.079
                         :     DRhadTpt:  +0.237   +0.078   +0.529    -0.005     +0.000     +0.007  +0.169   +0.413    +0.003  +0.321    -0.020     -0.064     +0.028   +0.497    -0.006  +0.414    -0.050     -0.101     +0.085   +0.575    +0.005  +0.501    -0.060     -0.127     +0.084   +0.450    -0.003  +0.374    -0.021     -0.115     +0.114    +0.827     -0.001      -0.008      -0.009   +0.181    -0.420    +0.773     +0.003      +0.005      +0.005   +0.222    +0.708     -0.005      +0.000      -0.006   +0.178   +0.673    -0.000     -0.008     -0.003  +0.255   +1.000    -0.000       +0.003       +0.003       -0.008       +0.008  +0.241
                         :    DRhadTeta:  -0.003   +0.000   -0.001    +0.286     +0.271     -0.006  -0.001   -0.003    +0.385  -0.012    +0.001     +0.002     -0.000   -0.003    +0.760  -0.000    +0.001     -0.009     -0.007   -0.004    +0.787  -0.000    -0.003     -0.002     +0.005   -0.003    +0.824  -0.001    +0.014     -0.008     +0.013    +0.002     +0.927      -0.065      +0.008   -0.015    -0.009    -0.004     +0.913      +0.021      -0.004   +0.000    -0.003     +0.898      -0.062      -0.005   -0.004   -0.005    +0.369     -0.098     -0.007  +0.004   -0.000    +1.000       +0.484       +0.485       -0.008       -0.005  -0.009
