Using TensorFlow backend.
2017-11-22 13:45:47.052302: I tensorflow/core/common_runtime/gpu/gpu_device.cc:1030] Found device 0 with properties: 
name: TITAN Xp major: 6 minor: 1 memoryClockRate(GHz): 1.582
pciBusID: 0000:83:00.0
totalMemory: 11.90GiB freeMemory: 11.74GiB
2017-11-22 13:45:47.052396: I tensorflow/core/common_runtime/gpu/gpu_device.cc:1120] Creating TensorFlow device (/device:GPU:0) -> (device: 0, name: TITAN Xp, pci bus id: 0000:83:00.0, compute capability: 6.1)
DataSetInfo              : [keras6_Hct3] : Added class "Signal"
                         : Add Tree tmva_tree of type Signal with 27857 events
                         : Add Tree tmva_tree of type Signal with 28201 events
DataSetInfo              : [keras6_Hct3] : Added class "Background"
                         : Add Tree tmva_tree of type Background with 6105 events
                         : Add Tree tmva_tree of type Background with 3728 events
                         : Add Tree tmva_tree of type Background with 4832 events
                         : Add Tree tmva_tree of type Background with 4881 events
                         : Add Tree tmva_tree of type Background with 46183 events
                         : Add Tree tmva_tree of type Background with 64429 events
                         : Add Tree tmva_tree of type Background with 19415 events
                         : Add Tree tmva_tree of type Background with 197300 events
                         : Add Tree tmva_tree of type Background with 278297 events
Factory                  : Booking method: [1mBDT[0m
                         : 
DataSetFactory           : [keras6_Hct3] : Number of events in input trees
                         : Dataset[keras6_Hct3] :     Signal     requirement: "nevt/totnevt < 0.8"
                         : Dataset[keras6_Hct3] :     Signal          -- number of events passed: 44847  / sum of weights: 4138.97
                         : Dataset[keras6_Hct3] :     Signal          -- efficiency             : 0.800326
                         : Dataset[keras6_Hct3] :     Background requirement: "nevt/totnevt < 0.8"
                         : Dataset[keras6_Hct3] :     Background      -- number of events passed: 500142  / sum of weights: 44472.2
                         : Dataset[keras6_Hct3] :     Background      -- efficiency             : 0.800371
                         : Dataset[keras6_Hct3] :  you have opted for interpreting the requested number of training/testing events
                         :  to be the number of events AFTER your preselection cuts
                         : 
                         : Dataset[keras6_Hct3] :  you have opted for interpreting the requested number of training/testing events
                         :  to be the number of events AFTER your preselection cuts
                         : 
                         : Number of training and testing events
                         : ---------------------------------------------------------------------------
                         : Signal     -- training events            : 33000
                         : Signal     -- testing events             : 11847
                         : Signal     -- training and testing events: 44847
                         : Dataset[keras6_Hct3] : Signal     -- due to the preselection a scaling factor has been applied to the numbers of requested events: 0.800011
                         : Background -- training events            : 370000
                         : Background -- testing events             : 130142
                         : Background -- training and testing events: 500142
                         : Dataset[keras6_Hct3] : Background -- due to the preselection a scaling factor has been applied to the numbers of requested events: 0.80001
                         : 
DataSetInfo              : Correlation matrix (Signal):
                         : ---------------------------------------------------------------------------------------------------------------------------------------------------------------------------------------------------------------------------------------------------------------------------------------------------------------------------------------------------------------------------------------------------------------------------------------------------------------------------------------------------------------------------------------------------------------------------------------------------------------------------------------
                         :                 njets nbjets_m DRlepWpt DRlepWeta DRlepWdeta DRlepWdphi DRlepWm DRjet0pt DRjet0eta DRjet0m DRjet0csv DRjet0cvsl DRjet0cvsb DRjet1pt DRjet1eta DRjet1m DRjet1csv DRjet1cvsl DRjet1cvsb DRjet2pt DRjet2eta DRjet2m DRjet2csv DRjet2cvsl DRjet2cvsb DRjet3pt DRjet3eta DRjet3m DRjet3csv DRjet3cvsl DRjet3cvsb DRjet12pt DRjet12eta DRjet12deta DRjet12dphi DRjet12m DRjet12DR DRjet23pt DRjet23eta DRjet23deta DRjet23dphi DRjet23m DRjet31pt DRjet31eta DRjet31deta DRjet31dphi DRjet31m DRlepTpt DRlepTeta DRlepTdeta DRlepTdphi DRlepTm DRhadTpt DRhadTeta DRhadTHbdeta DRhadTWbdeta DRhadTHbdphi DRhadTWbdphi DRhadTm
                         :        njets:  +1.000   +0.120   +0.139    -0.001     +0.002     -0.005  +0.050   +0.377    -0.001  +0.378    -0.124     -0.282     +0.268   +0.098    +0.002  +0.092    -0.052     -0.035     +0.049   +0.104    +0.003  +0.094    -0.083     -0.057     +0.074   +0.082    +0.001  +0.086    -0.049     -0.168     +0.140    +0.189     +0.003      -0.004      +0.005   -0.015    -0.182    +0.213     +0.004      +0.003      -0.004   -0.061    +0.209     +0.001      +0.001      +0.008   -0.065   +0.158    +0.001     -0.001     +0.002  +0.348   +0.281    +0.003       +0.002       +0.002       +0.004       -0.002  -0.064
                         :     nbjets_m:  +0.120   +1.000   +0.025    +0.005     +0.005     +0.005  +0.011   +0.045    -0.001  +0.041    +0.060     +0.093     -0.086   -0.008    +0.003  -0.012    -0.003     +0.002     +0.014   -0.005    -0.003  -0.010    +0.027     +0.001     +0.005   +0.014    +0.002  +0.003    +0.085     +0.193     -0.171    +0.005     +0.000      +0.006      -0.000   -0.067    -0.065    +0.040     +0.001      +0.002      +0.003   -0.056    +0.038     +0.002      +0.004      +0.003   -0.054   +0.036    -0.001     +0.005     -0.001  +0.028   +0.048    +0.002       -0.000       -0.006       -0.001       -0.002  -0.074
                         :     DRlepWpt:  +0.139   +0.025   +1.000    +0.001     +0.003     -0.000  +0.197   +0.223    +0.003  +0.195    -0.020     -0.057     +0.047   +0.236    +0.003  +0.203    -0.037     -0.054     +0.054   +0.296    -0.004  +0.261    -0.031     -0.059     +0.046   +0.253    +0.001  +0.218    +0.000     -0.047     +0.050    +0.395     -0.000      +0.007      +0.009   +0.094    -0.211    +0.418     +0.000      -0.000      -0.004   +0.104    +0.385     +0.003      +0.008      +0.000   +0.076   +0.583    +0.004     -0.002     -0.003  +0.422   +0.500    +0.002       +0.001       -0.006       -0.002       -0.001  +0.117
                         :    DRlepWeta:  -0.001   +0.005   +0.001    +1.000     +0.814     +0.000  +0.004   +0.004    +0.262  +0.004    -0.002     -0.005     -0.002   -0.002    +0.290  -0.006    -0.008     -0.002     +0.004   -0.003    +0.292  -0.006    -0.007     -0.003     +0.003   +0.004    +0.252  +0.004    +0.011     +0.003     -0.003    -0.005     +0.326      -0.011      +0.002   +0.001    +0.002    +0.003     +0.307      +0.037      -0.001   +0.001    +0.001     +0.305      +0.023      +0.002   +0.002   -0.001    +0.561     +0.264     +0.001  +0.008   -0.002    +0.336       +0.193       +0.156       -0.004       -0.000  +0.002
                         :   DRlepWdeta:  +0.002   +0.005   +0.003    +0.814     +1.000     -0.000  +0.005   +0.004    +0.270  +0.005    +0.001     -0.003     -0.004   -0.004    +0.298  -0.009    -0.006     -0.004     +0.003   -0.001    +0.299  -0.004    -0.008     -0.006     +0.002   +0.002    +0.261  +0.002    +0.010     -0.001     -0.000    -0.005     +0.328      -0.010      +0.000   +0.001    +0.001    +0.003     +0.305      +0.035      -0.001   +0.002    -0.002     +0.306      +0.017      +0.000   +0.003   -0.000    +0.533     +0.251     +0.001  +0.010   -0.003    +0.333       +0.192       +0.160       -0.003       +0.001  +0.003
                         :   DRlepWdphi:  -0.005   +0.005   -0.000    +0.000     -0.000     +1.000  -0.009   -0.003    -0.003  -0.005    -0.004     +0.001     +0.004   -0.004    +0.001  -0.001    -0.003     -0.002     +0.000   +0.001    +0.001  -0.000    -0.001     +0.009     +0.000   -0.005    +0.004  -0.004    +0.011     -0.000     -0.006    -0.007     +0.001      -0.002      -0.015   +0.013    +0.019    -0.000     +0.004      -0.007      +0.007   +0.002    -0.006     +0.002      -0.005      +0.003   +0.004   -0.002    -0.001     +0.006     -0.067  -0.004   -0.006    +0.000       -0.001       +0.006       -0.001       +0.009  +0.007
                         :      DRlepWm:  +0.050   +0.011   +0.197    +0.004     +0.005     -0.009  +1.000   +0.087    -0.012  +0.077    -0.005     -0.012     +0.007   +0.081    -0.004  +0.075    -0.031     -0.025     +0.041   +0.083    -0.010  +0.073    -0.033     -0.029     +0.035   +0.082    -0.000  +0.070    -0.005     -0.014     +0.018    +0.120     -0.009      -0.001      -0.002   +0.028    -0.061    +0.124     -0.003      -0.008      -0.002   +0.028    +0.122     -0.001      -0.005      +0.005   +0.029   +0.155    -0.007     +0.009     +0.004  +0.385   +0.151    -0.005       -0.008       -0.002       -0.001       -0.000  +0.036
                         :     DRjet0pt:  +0.377   +0.045   +0.223    +0.004     +0.004     -0.003  +0.087   +1.000    -0.001  +0.842    -0.051     -0.201     +0.164   +0.273    +0.003  +0.230    -0.039     -0.063     +0.056   +0.285    -0.000  +0.246    -0.040     -0.057     +0.048   +0.231    +0.001  +0.203    -0.011     -0.057     +0.044    +0.413     +0.003      -0.002      +0.003   +0.131    -0.194    +0.403     +0.002      +0.003      -0.002   +0.091    +0.394     +0.002      +0.002      +0.000   +0.086   +0.523    -0.000     -0.000     -0.006  +0.671   +0.507    +0.002       +0.005       -0.001       +0.001       -0.001  +0.129
                         :    DRjet0eta:  -0.001   -0.001   +0.003    +0.262     +0.270     -0.003  -0.012   -0.001    +1.000  -0.002    +0.019     +0.011     -0.010   +0.000    +0.129  -0.002    -0.005     -0.002     +0.006   -0.003    +0.136  -0.002    +0.002     +0.011     -0.005   -0.002    +0.170  -0.001    -0.008     -0.007     +0.003    -0.002     +0.123      -0.010      -0.006   -0.009    -0.005    +0.001     +0.154      -0.022      -0.003   -0.002    +0.000     +0.154      -0.038      -0.000   -0.006   +0.003    +0.834     -0.704     -0.011  -0.013   +0.000    +0.141       +0.052       +0.104       +0.002       +0.004  -0.007
                         :      DRjet0m:  +0.378   +0.041   +0.195    +0.004     +0.005     -0.005  +0.077   +0.842    -0.002  +1.000    -0.039     -0.205     +0.186   +0.231    +0.008  +0.199    -0.025     -0.059     +0.043   +0.226    +0.002  +0.196    -0.025     -0.054     +0.030   +0.188    +0.006  +0.168    -0.003     -0.047     +0.031    +0.336     +0.007      +0.001      +0.001   +0.113    -0.158    +0.323     +0.006      +0.003      -0.002   +0.079    +0.328     +0.007      +0.003      +0.000   +0.071   +0.399    -0.003     +0.001     +0.002  +0.603   +0.414    +0.006       +0.007       +0.001       -0.002       +0.004  +0.110
                         :    DRjet0csv:  -0.124   +0.060   -0.020    -0.002     +0.001     -0.004  -0.005   -0.051    +0.019  -0.039    +1.000     +0.423     -0.378   -0.011    -0.002  -0.007    -0.040     -0.006     +0.033   -0.012    -0.002  -0.003    -0.072     -0.017     +0.056   -0.034    +0.008  -0.031    -0.069     -0.155     +0.168    +0.018     -0.001      +0.006      +0.005   -0.057    -0.073    -0.016     +0.001      -0.008      -0.003   -0.023    -0.020     +0.005      -0.004      +0.001   -0.026   +0.040    +0.014     -0.016     -0.006  -0.132   +0.004    +0.002       -0.007       -0.005       -0.004       -0.005  -0.043
                         :   DRjet0cvsl:  -0.282   +0.093   -0.057    -0.005     -0.003     +0.001  -0.012   -0.201    +0.011  -0.205    +0.423     +1.000     -0.825   -0.061    -0.012  -0.055    -0.058     +0.007     +0.048   -0.065    -0.007  -0.051    -0.116     -0.019     +0.082   -0.084    -0.001  -0.075    -0.119     -0.254     +0.293    -0.030     -0.011      +0.001      -0.005   -0.133    -0.100    -0.079     -0.004      -0.013      +0.004   -0.064    -0.082     -0.008      -0.010      -0.011   -0.062   +0.028    +0.008     -0.010     +0.001  -0.311   -0.059    -0.008       -0.017       +0.001       -0.009       +0.007  -0.105
                         :   DRjet0cvsb:  +0.268   -0.086   +0.047    -0.002     -0.004     +0.004  +0.007   +0.164    -0.010  +0.186    -0.378     -0.825     +1.000   +0.050    +0.003  +0.045    +0.063     -0.003     -0.050   +0.048    +0.009  +0.037    +0.126     +0.022     -0.090   +0.071    -0.000  +0.061    +0.114     +0.263     -0.301    +0.009     +0.008      -0.009      +0.004   +0.127    +0.111    +0.060     +0.004      +0.016      -0.002   +0.053    +0.062     +0.003      +0.003      +0.007   +0.057   -0.049    -0.009     +0.003     +0.001  +0.293   +0.034    +0.006       +0.014       +0.003       +0.012       -0.005  +0.096
                         :     DRjet1pt:  +0.098   -0.008   +0.236    -0.002     -0.004     -0.004  +0.081   +0.273    +0.000  +0.231    -0.011     -0.061     +0.050   +1.000    -0.001  +0.855    -0.021     -0.161     +0.075   +0.047    -0.008  +0.039    -0.024     -0.032     +0.029   +0.077    -0.006  +0.060    -0.007     -0.023     +0.013    +0.641     -0.002      +0.006      +0.000   +0.388    -0.159    +0.070     -0.010      +0.002      -0.007   +0.057    +0.670     +0.001      +0.005      -0.015   +0.413   +0.411    -0.002     -0.003     -0.008  +0.144   +0.529    -0.003       -0.001       -0.010       -0.015       +0.009  +0.355
                         :    DRjet1eta:  +0.002   +0.003   +0.003    +0.290     +0.298     +0.001  -0.004   +0.003    +0.129  +0.008    -0.002     -0.012     +0.003   -0.001    +1.000  +0.000    +0.018     +0.007     -0.014   +0.004    +0.572  +0.006    +0.011     +0.001     -0.010   +0.002    +0.568  -0.000    +0.006     +0.005     -0.003    +0.004     +0.850      +0.366      -0.005   -0.002    -0.008    +0.006     +0.618      +0.006      +0.002   +0.002    -0.001     +0.833      +0.366      +0.005   +0.007   -0.001    +0.209     +0.049     -0.001  +0.008   +0.003    +0.805       +0.596       +0.046       +0.002       +0.001  +0.004
                         :      DRjet1m:  +0.092   -0.012   +0.203    -0.006     -0.009     -0.001  +0.075   +0.230    -0.002  +0.199    -0.007     -0.055     +0.045   +0.855    +0.000  +1.000    -0.036     -0.184     +0.103   +0.037    -0.006  +0.032    -0.028     -0.043     +0.030   +0.057    -0.007  +0.053    -0.010     -0.037     +0.014    +0.548     -0.000      +0.005      -0.005   +0.335    -0.131    +0.048     -0.009      +0.005      -0.007   +0.059    +0.568     +0.001      +0.008      -0.019   +0.367   +0.353    -0.005     -0.004     -0.007  +0.117   +0.446    -0.001       +0.001       -0.012       -0.018       +0.012  +0.315
                         :    DRjet1csv:  -0.052   -0.003   -0.037    -0.008     -0.006     -0.003  -0.031   -0.039    -0.005  -0.025    -0.040     -0.058     +0.063   -0.021    +0.018  -0.036    +1.000     +0.176     -0.723   -0.001    +0.004  -0.013    +0.496     +0.138     -0.347   -0.019    +0.008  -0.025    +0.053     +0.093     -0.105    -0.044     +0.015      +0.009      -0.005   +0.060    +0.091    -0.031     +0.007      +0.001      -0.011   +0.018    -0.039     +0.015      +0.006      -0.006   -0.001   -0.052    -0.008     +0.001     +0.004  -0.024   -0.056    +0.012       +0.009       -0.002       -0.011       +0.011  +0.027
                         :   DRjet1cvsl:  -0.035   +0.002   -0.054    -0.002     -0.004     -0.002  -0.025   -0.063    -0.002  -0.059    -0.006     +0.007     -0.003   -0.161    +0.007  -0.184    +0.176     +1.000     -0.213   -0.018    +0.011  -0.028    +0.089     +0.046     -0.062   -0.023    +0.007  -0.026    +0.025     +0.024     -0.018    -0.115     +0.010      -0.003      +0.013   -0.061    +0.046    -0.027     +0.009      +0.003      -0.008   -0.014    -0.120     +0.006      +0.002      -0.004   -0.067   -0.089    -0.004     +0.004     +0.003  -0.041   -0.103    +0.008       +0.010       +0.002       -0.005       -0.006  -0.059
                         :   DRjet1cvsb:  +0.049   +0.014   +0.054    +0.004     +0.003     +0.000  +0.041   +0.056    +0.006  +0.043    +0.033     +0.048     -0.050   +0.075    -0.014  +0.103    -0.723     -0.213     +1.000   +0.016    -0.006  +0.026    -0.379     -0.113     +0.273   +0.027    -0.009  +0.034    -0.035     -0.075     +0.080    +0.084     -0.013      -0.005      -0.007   -0.029    -0.093    +0.042     -0.006      -0.001      +0.003   -0.000    +0.075     -0.010      -0.001      -0.013   +0.024   +0.081    +0.007     -0.002     +0.001  +0.033   +0.086    -0.011       -0.007       -0.003       -0.004       +0.005  +0.003
                         :     DRjet2pt:  +0.104   -0.005   +0.296    -0.003     -0.001     +0.001  +0.083   +0.285    -0.003  +0.226    -0.012     -0.065     +0.048   +0.047    +0.004  +0.037    -0.001     -0.018     +0.016   +1.000    +0.005  +0.877    +0.035     -0.118     -0.004   +0.095    +0.005  +0.075    -0.005     -0.027     +0.010    +0.703     +0.004      -0.003      -0.000   +0.419    -0.164    +0.705     +0.007      -0.001      +0.011   +0.434    +0.080     +0.003      +0.002      +0.004   +0.060   +0.464    -0.003     -0.002     -0.008  +0.151   +0.577    +0.004       -0.000       +0.005       +0.013       -0.007  +0.385
                         :    DRjet2eta:  +0.003   -0.003   -0.004    +0.292     +0.299     +0.001  -0.010   -0.000    +0.136  +0.002    -0.002     -0.007     +0.009   -0.008    +0.572  -0.006    +0.004     +0.011     -0.006   +0.005    +1.000  +0.003    -0.003     +0.002     -0.006   -0.009    +0.579  -0.012    -0.000     +0.012     -0.005    -0.001     +0.859      -0.412      -0.008   -0.012    -0.012    -0.001     +0.841      +0.379      +0.006   -0.007    -0.015     +0.630      -0.029      +0.003   -0.002   -0.008    +0.212     +0.046     +0.004  -0.001   -0.008    +0.817       +0.592       +0.601       +0.000       +0.004  -0.009
                         :      DRjet2m:  +0.094   -0.010   +0.261    -0.006     -0.004     -0.000  +0.073   +0.246    -0.002  +0.196    -0.003     -0.051     +0.037   +0.039    +0.006  +0.032    -0.013     -0.028     +0.026   +0.877    +0.003  +1.000    +0.014     -0.146     +0.020   +0.070    +0.003  +0.065    -0.012     -0.045     +0.017    +0.616     +0.003      +0.003      +0.002   +0.380    -0.136    +0.609     +0.006      -0.003      +0.013   +0.396    +0.055     +0.003      +0.003      +0.008   +0.060   +0.407    -0.003     -0.005     -0.006  +0.128   +0.497    +0.003       -0.001       +0.001       +0.014       -0.009  +0.351
                         :    DRjet2csv:  -0.083   +0.027   -0.031    -0.007     -0.008     -0.001  -0.033   -0.040    +0.002  -0.025    -0.072     -0.116     +0.126   -0.024    +0.011  -0.028    +0.496     +0.089     -0.379   +0.035    -0.003  +0.014    +1.000     +0.271     -0.703   +0.005    +0.005  -0.013    +0.098     +0.201     -0.237    -0.043     +0.006      +0.008      -0.008   +0.104    +0.142    -0.010     +0.003      -0.007      -0.002   +0.056    -0.036     +0.009      +0.004      -0.003   +0.013   -0.051    -0.001     -0.005     -0.001  -0.017   -0.056    +0.005       +0.001       -0.002       -0.004       +0.010  +0.068
                         :   DRjet2cvsl:  -0.057   +0.001   -0.059    -0.003     -0.006     +0.009  -0.029   -0.057    +0.011  -0.054    -0.017     -0.019     +0.022   -0.032    +0.001  -0.043    +0.138     +0.046     -0.113   -0.118    +0.002  -0.146    +0.271     +1.000     -0.264   -0.019    +0.004  -0.034    +0.028     +0.059     -0.058    -0.114     +0.004      -0.002      -0.002   -0.045    +0.059    -0.097     -0.001      -0.003      -0.003   -0.049    -0.041     +0.003      -0.002      -0.002   -0.002   -0.088    +0.009     -0.008     -0.004  -0.033   -0.104    +0.003       +0.003       +0.001       -0.007       +0.003  -0.042
                         :   DRjet2cvsb:  +0.074   +0.005   +0.046    +0.003     +0.002     +0.000  +0.035   +0.048    -0.005  +0.030    +0.056     +0.082     -0.090   +0.029    -0.010  +0.030    -0.347     -0.062     +0.273   -0.004    -0.006  +0.020    -0.703     -0.264     +1.000   +0.014    -0.007  +0.028    -0.077     -0.145     +0.163    +0.061     -0.011      -0.003      +0.002   -0.092    -0.143    +0.036     -0.007      +0.005      +0.009   -0.035    +0.044     -0.010      -0.001      +0.010   +0.004   +0.068    -0.003     +0.006     +0.012  +0.027   +0.072    -0.009       -0.001       -0.002       +0.015       -0.005  -0.045
                         :     DRjet3pt:  +0.082   +0.014   +0.253    +0.004     +0.002     -0.005  +0.082   +0.231    -0.002  +0.188    -0.034     -0.084     +0.071   +0.077    +0.002  +0.057    -0.019     -0.023     +0.027   +0.095    -0.009  +0.070    +0.005     -0.019     +0.014   +1.000    -0.003  +0.864    +0.059     +0.059     -0.063    +0.098     -0.004      +0.007      -0.002   +0.073    -0.008    +0.584     -0.001      -0.002      -0.005   +0.449    +0.615     -0.000      +0.004      -0.004   +0.451   +0.370    -0.001     -0.001     -0.005  +0.157   +0.457    -0.001       +0.000       -0.003       -0.000       +0.001  +0.456
                         :    DRjet3eta:  +0.001   +0.002   +0.001    +0.252     +0.261     +0.004  -0.000   +0.001    +0.170  +0.006    +0.008     -0.001     -0.000   -0.006    +0.568  -0.007    +0.008     +0.007     -0.009   +0.005    +0.579  +0.003    +0.005     +0.004     -0.007   -0.003    +1.000  -0.002    +0.008     -0.001     +0.003    +0.001     +0.638      -0.028      +0.004   -0.006    -0.010    +0.004     +0.838      -0.370      +0.004   +0.007    -0.010     +0.841      -0.402      +0.012   -0.001   -0.003    +0.222     -0.003     +0.005  +0.005   -0.003    +0.813       +0.057       +0.587       +0.009       -0.007  +0.002
                         :      DRjet3m:  +0.086   +0.003   +0.218    +0.004     +0.002     -0.004  +0.070   +0.203    -0.001  +0.168    -0.031     -0.075     +0.061   +0.060    -0.000  +0.053    -0.025     -0.026     +0.034   +0.075    -0.012  +0.065    -0.013     -0.034     +0.028   +0.864    -0.002  +1.000    +0.073     +0.014     -0.053    +0.075     -0.008      +0.008      +0.001   +0.058    -0.007    +0.496     -0.003      -0.003      -0.000   +0.404    +0.523     -0.001      +0.005      -0.001   +0.401   +0.321    -0.001     +0.001     -0.008  +0.138   +0.383    -0.003       +0.000       -0.004       +0.001       -0.002  +0.402
                         :    DRjet3csv:  -0.049   +0.085   +0.000    +0.011     +0.010     +0.011  -0.005   -0.011    -0.008  -0.003    -0.069     -0.119     +0.114   -0.007    +0.006  -0.010    +0.053     +0.025     -0.035   -0.005    -0.000  -0.012    +0.098     +0.028     -0.077   +0.059    +0.008  +0.073    +1.000     +0.260     -0.141    -0.044     +0.004      +0.010      -0.002   +0.045    +0.094    +0.019     +0.002      -0.004      -0.005   +0.025    +0.016     +0.009      +0.003      +0.006   +0.028   -0.013    -0.004     +0.018     -0.002  +0.012   -0.016    +0.004       +0.006       -0.006       +0.006       +0.004  +0.039
                         :   DRjet3cvsl:  -0.168   +0.193   -0.047    +0.003     -0.001     -0.000  -0.014   -0.057    -0.007  -0.047    -0.155     -0.254     +0.263   -0.023    +0.005  -0.037    +0.093     +0.024     -0.075   -0.027    +0.012  -0.045    +0.201     +0.059     -0.145   +0.059    -0.001  +0.014    +0.260     +1.000     -0.672    -0.118     +0.011      -0.009      -0.003   +0.107    +0.216    -0.021     +0.005      +0.015      +0.001   +0.030    -0.018     +0.004      +0.005      -0.002   +0.034   -0.078    -0.003     +0.002     -0.009  +0.001   -0.091    +0.006       +0.017       +0.003       +0.007       +0.003  +0.065
                         :   DRjet3cvsb:  +0.140   -0.171   +0.050    -0.003     -0.000     -0.006  +0.018   +0.044    +0.003  +0.031    +0.168     +0.293     -0.301   +0.013    -0.003  +0.014    -0.105     -0.018     +0.080   +0.010    -0.005  +0.017    -0.237     -0.058     +0.163   -0.063    +0.003  -0.053    -0.141     -0.672     +1.000    +0.102     -0.008      +0.004      +0.007   -0.117    -0.213    +0.020     -0.001      -0.010      -0.005   -0.075    +0.021     -0.002      -0.007      -0.002   -0.074   +0.080    +0.000     -0.002     +0.014  -0.013   +0.092    -0.003       -0.015       +0.001       -0.008       +0.001  -0.109
                         :    DRjet12pt:  +0.189   +0.005   +0.395    -0.005     -0.005     -0.007  +0.120   +0.413    -0.002  +0.336    +0.018     -0.030     +0.009   +0.641    +0.004  +0.548    -0.044     -0.115     +0.084   +0.703    -0.001  +0.616    -0.043     -0.114     +0.061   +0.098    +0.001  +0.075    -0.044     -0.118     +0.102    +1.000     +0.000      +0.003      +0.001   +0.320    -0.471    +0.535     -0.001      -0.001      +0.003   +0.297    +0.480     +0.002      +0.005      -0.000   +0.261   +0.645    -0.005     -0.003     -0.007  +0.207   +0.816    +0.001       -0.002       -0.004       +0.003       -0.003  +0.375
                         :   DRjet12eta:  +0.003   +0.000   -0.000    +0.326     +0.328     +0.001  -0.009   +0.003    +0.123  +0.007    -0.001     -0.011     +0.008   -0.002    +0.850  -0.000    +0.015     +0.010     -0.013   +0.004    +0.859  +0.003    +0.006     +0.004     -0.011   -0.004    +0.638  -0.008    +0.004     +0.011     -0.008    +0.000     +1.000      -0.036      -0.012   -0.006    -0.010    +0.002     +0.813      +0.202      +0.005   -0.004    -0.009     +0.810      +0.163      +0.004   +0.004   -0.005    +0.219     +0.073     +0.001  +0.007   -0.004    +0.925       +0.674       +0.357       +0.003       +0.003  -0.002
                         :  DRjet12deta:  -0.004   +0.006   +0.007    -0.011     -0.010     -0.002  -0.001   -0.002    -0.010  +0.001    +0.006     +0.001     -0.009   +0.006    +0.366  +0.005    +0.009     -0.003     -0.005   -0.003    -0.412  +0.003    +0.008     -0.002     -0.003   +0.007    -0.028  +0.008    +0.010     -0.009     +0.004    +0.003     -0.036      +1.000      -0.001   +0.006    +0.003    +0.004     -0.221      -0.421      -0.005   +0.008    +0.010     +0.160      +0.421      -0.005   +0.008   +0.006    -0.007     +0.001     -0.007  +0.002   +0.008    -0.036       -0.021       -0.665       -0.004       +0.001  +0.011
                         :  DRjet12dphi:  +0.005   -0.000   +0.009    +0.002     +0.000     -0.015  -0.002   +0.003    -0.006  +0.001    +0.005     -0.005     +0.004   +0.000    -0.005  -0.005    -0.005     +0.013     -0.007   -0.000    -0.008  +0.002    -0.008     -0.002     +0.002   -0.002    +0.004  +0.001    -0.002     -0.003     +0.007    +0.001     -0.012      -0.001      +1.000   -0.001    -0.003    -0.004     -0.001      -0.014      -0.243   +0.001    +0.001     -0.001      -0.010      +0.255   -0.004   +0.001    -0.003     +0.003     -0.004  +0.010   -0.001    -0.003       -0.014       +0.007       +0.003       -0.679  -0.002
                         :     DRjet12m:  -0.015   -0.067   +0.094    +0.001     +0.001     +0.013  +0.028   +0.131    -0.009  +0.113    -0.057     -0.133     +0.127   +0.388    -0.002  +0.335    +0.060     -0.061     -0.029   +0.419    -0.012  +0.380    +0.104     -0.045     -0.092   +0.073    -0.006  +0.058    +0.045     +0.107     -0.117    +0.320     -0.006      +0.006      -0.001   +1.000    +0.545    +0.269     -0.011      -0.007      +0.002   +0.309    +0.235     -0.001      -0.000      -0.015   +0.300   +0.187    -0.008     +0.004     -0.011  +0.088   +0.256    -0.006       -0.008       -0.004       -0.003       +0.003  +0.649
                         :    DRjet12DR:  -0.182   -0.065   -0.211    +0.002     +0.001     +0.019  -0.061   -0.194    -0.005  -0.158    -0.073     -0.100     +0.111   -0.159    -0.008  -0.131    +0.091     +0.046     -0.093   -0.164    -0.012  -0.136    +0.142     +0.059     -0.143   -0.008    -0.010  -0.007    +0.094     +0.216     -0.213    -0.471     -0.010      +0.003      -0.003   +0.545    +1.000    -0.168     -0.013      -0.003      -0.002   +0.043    -0.159     -0.008      -0.003      -0.012   +0.050   -0.311    -0.005     +0.004     -0.003  -0.082   -0.383    -0.009       -0.004       -0.001       -0.005       +0.005  +0.240
                         :    DRjet23pt:  +0.213   +0.040   +0.418    +0.003     +0.003     -0.000  +0.124   +0.403    +0.001  +0.323    -0.016     -0.079     +0.060   +0.070    +0.006  +0.048    -0.031     -0.027     +0.042   +0.705    -0.001  +0.609    -0.010     -0.097     +0.036   +0.584    +0.004  +0.496    +0.019     -0.021     +0.020    +0.535     +0.002      +0.004      -0.004   +0.269    -0.168    +1.000     +0.007      -0.003      +0.004   +0.256    +0.433     +0.005      +0.006      +0.003   +0.199   +0.649    +0.000     -0.002     -0.004  +0.223   +0.798    +0.003       +0.001       -0.002       +0.007       -0.002  +0.311
                         :   DRjet23eta:  +0.004   +0.001   +0.000    +0.307     +0.305     +0.004  -0.003   +0.002    +0.154  +0.006    +0.001     -0.004     +0.004   -0.010    +0.618  -0.009    +0.007     +0.009     -0.006   +0.007    +0.841  +0.006    +0.003     -0.001     -0.007   -0.001    +0.838  -0.003    +0.002     +0.005     -0.001    -0.001     +0.813      -0.221      -0.001   -0.011    -0.013    +0.007     +1.000      -0.001      +0.005   +0.002    -0.011     +0.800      -0.215      +0.010   -0.003   -0.003    +0.235     +0.039     +0.007  +0.005   -0.004    +0.922       +0.333       +0.671       +0.006       -0.002  -0.003
                         :  DRjet23deta:  +0.003   +0.002   -0.000    +0.037     +0.035     -0.007  -0.008   +0.003    -0.022  +0.003    -0.008     -0.013     +0.016   +0.002    +0.006  +0.005    +0.001     +0.003     -0.001   -0.001    +0.379  -0.003    -0.007     -0.003     +0.005   -0.002    -0.370  -0.003    -0.004     +0.015     -0.010    -0.001     +0.202      -0.421      -0.014   -0.007    -0.003    -0.003     -0.001      +1.000      +0.000   -0.013    +0.000     -0.184      +0.394      -0.013   -0.002   +0.001    -0.004     +0.035     -0.005  -0.003   -0.001    +0.001       +0.641       +0.019       -0.011       +0.015  -0.011
                         :  DRjet23dphi:  -0.004   +0.003   -0.004    -0.001     -0.001     +0.007  -0.002   -0.002    -0.003  -0.002    -0.003     +0.004     -0.002   -0.007    +0.002  -0.007    -0.011     -0.008     +0.003   +0.011    +0.006  +0.013    -0.002     -0.003     +0.009   -0.005    +0.004  -0.000    -0.005     +0.001     -0.005    +0.003     +0.005      -0.005      -0.243   +0.002    -0.002    +0.004     +0.005      +0.000      +1.000   +0.011    -0.008     +0.004      +0.001      +0.363   -0.003   -0.003    -0.004     +0.002     -0.102  -0.004   -0.000    +0.005       +0.004       -0.002       +0.672       -0.092  +0.006
                         :     DRjet23m:  -0.061   -0.056   +0.104    +0.001     +0.002     +0.002  +0.028   +0.091    -0.002  +0.079    -0.023     -0.064     +0.053   +0.057    +0.002  +0.059    +0.018     -0.014     -0.000   +0.434    -0.007  +0.396    +0.056     -0.049     -0.035   +0.449    +0.007  +0.404    +0.025     +0.030     -0.075    +0.297     -0.004      +0.008      +0.001   +0.309    +0.043    +0.256     +0.002      -0.013      +0.011   +1.000    +0.215     +0.004      -0.010      -0.004   +0.425   +0.151    -0.002     -0.003     -0.013  +0.074   +0.210    +0.003       -0.011       +0.006       +0.014       -0.006  +0.799
                         :    DRjet31pt:  +0.209   +0.038   +0.385    +0.001     -0.002     -0.006  +0.122   +0.394    +0.000  +0.328    -0.020     -0.082     +0.062   +0.670    -0.001  +0.568    -0.039     -0.120     +0.075   +0.080    -0.015  +0.055    -0.036     -0.041     +0.044   +0.615    -0.010  +0.523    +0.016     -0.018     +0.021    +0.480     -0.009      +0.010      +0.001   +0.235    -0.159    +0.433     -0.011      +0.000      -0.008   +0.215    +1.000     -0.005      +0.007      -0.002   +0.260   +0.610    -0.002     -0.005     -0.007  +0.223   +0.764    -0.008       -0.001       -0.012       -0.008       +0.002  +0.310
                         :   DRjet31eta:  +0.001   +0.002   +0.003    +0.305     +0.306     +0.002  -0.001   +0.002    +0.154  +0.007    +0.005     -0.008     +0.003   +0.001    +0.833  +0.001    +0.015     +0.006     -0.010   +0.003    +0.630  +0.003    +0.009     +0.003     -0.010   -0.000    +0.841  -0.001    +0.009     +0.004     -0.002    +0.002     +0.810      +0.160      -0.001   -0.001    -0.008    +0.005     +0.800      -0.184      +0.004   +0.004    -0.005     +1.000      -0.035      +0.013   +0.007   -0.002    +0.234     +0.036     +0.001  +0.008   -0.001    +0.919       +0.332       +0.345       +0.007       -0.003  +0.006
                         :  DRjet31deta:  +0.001   +0.004   +0.008    +0.023     +0.017     -0.005  -0.005   +0.002    -0.038  +0.003    -0.004     -0.010     +0.003   +0.005    +0.366  +0.008    +0.006     +0.002     -0.001   +0.002    -0.029  +0.003    +0.004     -0.002     -0.001   +0.004    -0.402  +0.005    +0.003     +0.005     -0.007    +0.005     +0.163      +0.421      -0.010   -0.000    -0.003    +0.006     -0.215      +0.394      +0.001   -0.010    +0.007     -0.035      +1.000      -0.006   +0.006   +0.006    -0.020     +0.040     -0.011  +0.002   +0.008    -0.037       +0.619       -0.645       -0.005       +0.007  -0.003
                         :  DRjet31dphi:  +0.008   +0.003   +0.000    +0.002     +0.000     +0.003  +0.005   +0.000    -0.000  +0.000    +0.001     -0.011     +0.007   -0.015    +0.005  -0.019    -0.006     -0.004     -0.013   +0.004    +0.003  +0.008    -0.003     -0.002     +0.010   -0.004    +0.012  -0.001    +0.006     -0.002     -0.002    -0.000     +0.004      -0.005      +0.255   -0.015    -0.012    +0.003     +0.010      -0.013      +0.363   -0.004    -0.002     +0.013      -0.006      +1.000   -0.017   -0.005    -0.001     -0.001     -0.110  +0.007   +0.004    +0.010       -0.005       +0.004       +0.692       -0.599  -0.014
                         :     DRjet31m:  -0.065   -0.054   +0.076    +0.002     +0.003     +0.004  +0.029   +0.086    -0.006  +0.071    -0.026     -0.062     +0.057   +0.413    +0.007  +0.367    -0.001     -0.067     +0.024   +0.060    -0.002  +0.060    +0.013     -0.002     +0.004   +0.451    -0.001  +0.401    +0.028     +0.034     -0.074    +0.261     +0.004      +0.008      -0.004   +0.300    +0.050    +0.199     -0.003      -0.002      -0.003   +0.425    +0.260     +0.007      +0.006      -0.017   +1.000   +0.138    -0.006     +0.003     -0.005  +0.063   +0.196    +0.005       +0.002       -0.008       -0.007       +0.008  +0.783
                         :     DRlepTpt:  +0.158   +0.036   +0.583    -0.001     -0.000     -0.002  +0.155   +0.523    +0.003  +0.399    +0.040     +0.028     -0.049   +0.411    -0.001  +0.353    -0.052     -0.089     +0.081   +0.464    -0.008  +0.407    -0.051     -0.088     +0.068   +0.370    -0.003  +0.321    -0.013     -0.078     +0.080    +0.645     -0.005      +0.006      +0.001   +0.187    -0.311    +0.649     -0.003      +0.001      -0.003   +0.151    +0.610     -0.002      +0.006      -0.005   +0.138   +1.000    +0.001     -0.008     -0.010  +0.214   +0.802    -0.005       -0.000       -0.006       -0.002       -0.000  +0.198
                         :    DRlepTeta:  +0.001   -0.001   +0.004    +0.561     +0.533     -0.001  -0.007   -0.000    +0.834  -0.003    +0.014     +0.008     -0.009   -0.002    +0.209  -0.005    -0.008     -0.004     +0.007   -0.003    +0.212  -0.003    -0.001     +0.009     -0.003   -0.001    +0.222  -0.001    -0.004     -0.003     +0.000    -0.005     +0.219      -0.007      -0.003   -0.008    -0.005    +0.000     +0.235      -0.004      -0.004   -0.002    -0.002     +0.234      -0.020      -0.001   -0.006   +0.001    +1.000     -0.404     -0.011  -0.009   -0.003    +0.237       +0.109       +0.139       -0.001       -0.000  -0.007
                         :   DRlepTdeta:  -0.001   +0.005   -0.002    +0.264     +0.251     +0.006  +0.009   -0.000    -0.704  +0.001    -0.016     -0.010     +0.003   -0.003    +0.049  -0.004    +0.001     +0.004     -0.002   -0.002    +0.046  -0.005    -0.005     -0.008     +0.006   -0.001    -0.003  +0.001    +0.018     +0.002     -0.002    -0.003     +0.073      +0.001      +0.003   +0.004    +0.004    -0.002     +0.039      +0.035      +0.002   -0.003    -0.005     +0.036      +0.040      -0.001   +0.003   -0.008    -0.404     +1.000     +0.009  +0.010   -0.005    +0.063       +0.059       -0.000       -0.001       -0.002  +0.001
                         :   DRlepTdphi:  +0.002   -0.001   -0.003    +0.001     +0.001     -0.067  +0.004   -0.006    -0.011  +0.002    -0.006     +0.001     +0.001   -0.008    -0.001  -0.007    +0.004     +0.003     +0.001   -0.008    +0.004  -0.006    -0.001     -0.004     +0.012   -0.005    +0.005  -0.008    -0.002     -0.009     +0.014    -0.007     +0.001      -0.007      -0.004   -0.011    -0.003    -0.004     +0.007      -0.005      -0.102   -0.013    -0.007     +0.001      -0.011      -0.110   -0.005   -0.010    -0.011     +0.009     +1.000  -0.004   -0.005    +0.003       -0.006       +0.015       -0.127       +0.088  -0.013
                         :      DRlepTm:  +0.348   +0.028   +0.422    +0.008     +0.010     -0.004  +0.385   +0.671    -0.013  +0.603    -0.132     -0.311     +0.293   +0.144    +0.008  +0.117    -0.024     -0.041     +0.033   +0.151    -0.001  +0.128    -0.017     -0.033     +0.027   +0.157    +0.005  +0.138    +0.012     +0.001     -0.013    +0.207     +0.007      +0.002      +0.010   +0.088    -0.082    +0.223     +0.005      -0.003      -0.004   +0.074    +0.223     +0.008      +0.002      +0.007   +0.063   +0.214    -0.009     +0.010     -0.004  +1.000   +0.265    +0.008       +0.005       -0.001       +0.001       -0.005  +0.097
                         :     DRhadTpt:  +0.281   +0.048   +0.500    -0.002     -0.003     -0.006  +0.151   +0.507    +0.000  +0.414    +0.004     -0.059     +0.034   +0.529    +0.003  +0.446    -0.056     -0.103     +0.086   +0.577    -0.008  +0.497    -0.056     -0.104     +0.072   +0.457    -0.003  +0.383    -0.016     -0.091     +0.092    +0.816     -0.004      +0.008      -0.001   +0.256    -0.383    +0.798     -0.004      -0.001      -0.000   +0.210    +0.764     -0.001      +0.008      +0.004   +0.196   +0.802    -0.003     -0.005     -0.005  +0.265   +1.000    -0.004       -0.002       -0.009       +0.001       -0.002  +0.278
                         :    DRhadTeta:  +0.003   +0.002   +0.002    +0.336     +0.333     +0.000  -0.005   +0.002    +0.141  +0.006    +0.002     -0.008     +0.006   -0.003    +0.805  -0.001    +0.012     +0.008     -0.011   +0.004    +0.817  +0.003    +0.005     +0.003     -0.009   -0.001    +0.813  -0.003    +0.004     +0.006     -0.003    +0.001     +0.925      -0.036      -0.003   -0.006    -0.009    +0.003     +0.922      +0.001      +0.005   +0.003    -0.008     +0.919      -0.037      +0.010   +0.005   -0.005    +0.237     +0.063     +0.003  +0.008   -0.004    +1.000       +0.461       +0.487       +0.008       -0.004  +0.003
